Simulation,a,b,c,b/a,c/a,c/b,ellipticity,triaxiality,Iterations,Initial Particles,Remaining Particles,Max Radius,r_50,mass,Age Range,Snapshot,Redshift,Center of Mass,Rotation Matrix
m11v_res7100,0.8229071108489072,0.7275342124962664,0.21283912731913085,0.8841024739058888,0.2586429555816658,0.2925486164957818,0.7413570444183342,0.23401770584961556,16,14602,13108,4.865822521813363,2.2235579093115327,89006258.4277824,"[0.0001264176034881314, 0.4999840533749463]",600,0.0,[ 0.07266844  0.21382763 -0.02056228],"[[-0.0132772  -0.73045513  0.68283162]
 [-0.23678649  0.66576492  0.70759397]
 [-0.97147098 -0.15229043 -0.18180141]]"
m11v_res7100,0.6376965563064841,0.5550059849847088,0.2484336192446092,0.8703292804328187,0.3895796782775932,0.4476233157223591,0.6104203217224068,0.28592198884470627,30,11754,10528,4.687273375743335,2.1447286037942543,66998439.99285157,"[0.5000462317965692, 0.9994348597849546]",600,0.0,[0.00990724 0.3315945  0.2078303 ],"[[ 0.45307622  0.60717119  0.65273662]
 [-0.19756356 -0.64560727  0.73767194]
 [ 0.86930465 -0.46317858 -0.1725544 ]]"
m11v_res7100,0.4751148741236392,0.4093527707663291,0.3132067497852138,0.8615869404665348,0.6592232044154188,0.7651267370167665,0.3407767955845812,0.45570685821543416,30,19698,17728,3.4560259072072017,1.470281481112153,108723518.81591302,"[1.0052463105845724, 1.4999507542652772]",600,0.0,[-0.13828789  0.39019387  0.12487182],"[[-0.48398521 -0.42093977 -0.76718187]
 [ 0.17599814  0.81196437 -0.55654156]
 [-0.85719483  0.40438047  0.31889413]]"
m11v_res7100,0.5892297563698237,0.5431426214975656,0.3832158500640619,0.9217841014069019,0.6503674431261082,0.705552896967375,0.34963255687389183,0.2604996363734141,12,19618,17668,3.1552419891846455,1.6073026647157809,105734326.72555539,"[1.5000702890901338, 1.9999997605759352]",600,0.0,[-0.08943917  0.36050809  0.07648288],"[[-0.70975782 -0.18875405  0.67868678]
 [ 0.55253761  0.44845899  0.70255728]
 [-0.43697372  0.87364549 -0.21400356]]"
m11v_res7100,0.6850881789334298,0.6335604464039218,0.4267483665640877,0.9247867148872307,0.6229101299462868,0.6735716678436984,0.3770898700537132,0.23655810547415593,30,25509,22953,3.8147887072681526,1.8900303471254896,134116310.45251086,"[2.0000586009894725, 2.4999932963866054]",600,0.0,[-0.03727681  0.28752007  0.05852953],"[[-0.68486917  0.26499933 -0.67877064]
 [ 0.60389615 -0.31484953 -0.73224259]
 [-0.40775441 -0.91139735  0.05559867]]"
m11v_res7100,0.9238084738049691,0.8138714542443104,0.5578212462321208,0.8809958744934957,0.6038278085224469,0.6853923224891388,0.3961721914775531,0.35229634146717276,30,32548,29284,6.3880669127486875,2.8200521370661593,167728380.80255058,"[2.5000399111856653, 2.9999874124467816]",600,0.0,[-0.04691797  0.16367549 -0.00247795],"[[-0.69228631  0.38143231  0.61257576]
 [ 0.69753865  0.57119419  0.43263961]
 [-0.18487699  0.72680575 -0.66149369]]"
m11v_res7100,0.8597898512996985,0.8037960795293635,0.5246724463494994,0.9348750491929019,0.61023335592573,0.6527432264371135,0.38976664407427,0.200773709900177,11,27875,25085,7.162482259333259,2.87319438185783,142661585.56662774,"[3.0000431185000913, 3.499957065797286]",600,0.0,[-0.00173708  0.11913179 -0.13757662],"[[ 0.68523124  0.2664711  -0.67782838]
 [-0.71610318  0.07671376 -0.69376598]
 [-0.13286982  0.96078518  0.24338747]]"
m11v_res7100,1.1472222100058194,1.0469669109020854,0.7421941949308676,0.9126103921024808,0.6469489419378507,0.7088993808709578,0.3530510580621493,0.28745419369536096,17,28663,25809,8.017425014375856,3.764881321228747,144888497.9859575,"[3.5000114923336576, 3.999984870706828]",600,0.0,[-0.11173203  0.0185311  -0.18227985],"[[-0.58269061  0.45092827  0.67611785]
 [ 0.7899953   0.11902798  0.60144805]
 [ 0.19073299  0.88458806 -0.42558771]]"
m11v_res7100,1.113871972249844,1.0261971561424126,0.7102267490449506,0.921288246502565,0.6376197325536486,0.6920958071203108,0.36238026744635143,0.2548323208562241,16,20956,18847,8.151181110727633,3.535104643057825,105356038.8715351,"[4.00008996608345, 4.499994260120747]",600,0.0,[-0.00386255  0.12551724 -0.11178465],"[[-0.67050375  0.28507647  0.68494973]
 [ 0.72804736  0.07521433  0.68138817]
 [ 0.1427297   0.95554917 -0.25798066]]"
m11v_res7100,1.025026533892648,0.9213281017194594,0.7279385669028507,0.8988334167512887,0.7101655838492551,0.7900969975238039,0.2898344161507449,0.3875572202549915,30,20493,18405,7.584276117736035,3.1137465555929427,102391865.8581301,"[4.500012727556399, 4.9999042760133]",600,0.0,[-0.0466129   0.14168905 -0.03423023],"[[-0.64005122 -0.54296578  0.5436199 ]
 [ 0.74383666 -0.26065998  0.61543757]
 [ 0.19246159 -0.79827598 -0.57071359]]"
m11v_res7100,1.0557229724397112,0.9823907998614181,0.7296430501855788,0.9305384324366581,0.6911311672032847,0.7427217867762063,0.3088688327967153,0.256727062325546,12,17882,16092,7.487871356263781,3.232428910705447,88723650.90144318,"[5.0000020802796685, 5.499802639525468]",600,0.0,[-0.08733222  0.08532131 -0.06476456],"[[ 0.62179774  0.43613702 -0.6505014 ]
 [-0.75338202  0.10617002 -0.64895567]
 [-0.21396985  0.89359523  0.39459407]]"
m11v_res7100,1.0247263815564267,0.9559858258661332,0.7409390721459832,0.9329181360726895,0.7230604046912432,0.7750523617593227,0.2769395953087568,0.27172714544882937,13,19580,17623,7.600314447923205,3.3184545769300855,96192552.77762488,"[5.500037383948545, 5.9999601130088385]",600,0.0,[ 0.00729005  0.11177634 -0.07069573],"[[-0.65814783 -0.39751596 -0.63939229]
 [ 0.71185011 -0.05199716 -0.70040397]
 [ 0.24517517 -0.91612082  0.3171936 ]]"
m11v_res7100,1.0111446574719154,0.9496831246725014,0.7426950245105645,0.9392158853382251,0.7345091713854928,0.7820450897942228,0.26549082861450723,0.2559706268586958,14,13108,11797,7.049083208598966,3.050693820330157,63931650.45908797,"[6.000093965575498, 6.499904648414688]",600,0.0,[ 0.02980833  0.12812068 -0.07194035],"[[ 0.6752421  -0.37603116  0.63454604]
 [-0.70654186 -0.08275263  0.7028162 ]
 [-0.21177044 -0.92290442 -0.32155981]]"
m11v_res7100,0.9596008517996008,0.9047906932692864,0.7189416168141857,0.9428823365178081,0.7492090231744881,0.7945943986408934,0.2507909768255119,0.25296667789742494,11,12328,11097,6.54814498690005,2.8343971224858198,59318045.01387965,"[6.500074855951059, 6.9999949388157905]",600,0.0,[ 0.05257603  0.15171617 -0.01779631],"[[-0.64446033 -0.32195832  0.69355153]
 [ 0.73665788 -0.01830544  0.67601781]
 [ 0.20495379 -0.94657686 -0.24897026]]"
m11v_res7100,1.0270740100293854,0.889529695021915,0.8201828235306152,0.8660813985512738,0.7985625334898204,0.9220409707743469,0.20143746651017957,0.6897722145383064,30,14549,13087,7.157453358515754,3.154434478483068,68381948.58588418,"[7.000155805078248, 7.499968590084676]",600,0.0,[0.02020073 0.14741409 0.00153504],"[[-0.69635403  0.64914135 -0.3061153 ]
 [ 0.71767038  0.63358376 -0.28899973]
 [ 0.00634801 -0.42093601 -0.90706812]]"
m11v_res7100,1.0701253430122772,0.9971031855605248,0.7988384005997413,0.9317629865243602,0.7464904983477029,0.8011592101680748,0.25350950165229713,0.29772368286142203,30,17023,15317,7.4516343238059255,3.221582223119023,78943181.20063747,"[7.5000436683894876, 7.999933495378559]",600,0.0,[ 0.06170078  0.12559566 -0.0294755 ],"[[ 0.73166578  0.31596434 -0.60401302]
 [-0.67302062  0.19418618 -0.71367708]
 [-0.10820552  0.92868631  0.3547299 ]]"
m11v_res7100,1.1134558156690701,1.0519023710919413,0.8570677229800259,0.944718556667521,0.7697366262037242,0.8147787727584788,0.23026337379627582,0.26381690984488143,17,15583,14024,8.119883950618965,3.4773258541864194,71654363.0783287,"[8.000004014527194, 8.499878311667734]",600,0.0,[ 0.0333611   0.12163425 -0.00810344],"[[-0.62566438  0.4825138  -0.61296371]
 [ 0.72236065  0.06170069 -0.68875839]
 [ 0.29451515  0.87371246  0.38715291]]"
m11v_res7100,1.1866870136353012,1.1427460473883657,0.9427654264549348,0.9629717307579473,0.7944516250893012,0.8249999451842629,0.20554837491069877,0.1970614416065734,13,22345,20122,8.45222798710614,3.7485201775741173,101764025.36633417,"[8.500008938536224, 8.999923386462388]",600,0.0,[ 0.07375423  0.07709514 -0.11363248],"[[-0.6686129  -0.40348779 -0.62462339]
 [ 0.72724828 -0.17956975 -0.6624686 ]
 [ 0.15513452 -0.89719134  0.41349846]]"
m11v_res7100,1.0855811856970552,1.0442145829122975,0.8636477502759924,0.961894510212798,0.7955625628510146,0.8270788058401682,0.20443743714898543,0.2036583544224701,14,19201,17290,7.689135829696106,3.4443961209457004,86587897.55308579,"[9.000042861470908, 9.499916909158156]",600,0.0,[ 0.05962638  0.09095396 -0.10688782],"[[-0.69521002 -0.31093214 -0.64807733]
 [ 0.70965785 -0.15350709 -0.68762004]
 [ 0.1143187  -0.93795351  0.3273751 ]]"
m11v_res7100,1.2441461705479695,1.2015706567000886,1.0037609208986507,0.9657793313553109,0.8067869713866145,0.83537402923546,0.19321302861338552,0.19269919357480492,10,23471,21129,8.276004135652897,3.850175217136891,104363146.53442451,"[9.500133615438715, 9.999954373055566]",600,0.0,[ 0.05125644  0.12566236 -0.07281418],"[[ 0.6264214  -0.46592723  0.62490643]
 [-0.71162184 -0.01466947  0.70240954]
 [-0.31810468 -0.88470143 -0.34075326]]"
m11v_res7100,1.2342380649695313,1.179264451556004,0.9826831096145482,0.9554594733594736,0.7961860337201697,0.833301731700576,0.20381396627983028,0.23791340448079218,10,24778,22310,9.594662846322974,4.210005604598678,108691901.72292373,"[10.00001449376115, 10.499906444252414]",600,0.0,[ 0.04076476  0.08994243 -0.14661691],"[[-0.53899304  0.6541788   0.53060022]
 [ 0.68527365 -0.02572637  0.72783115]
 [ 0.48978213  0.75590227 -0.43442516]]"
m11v_res7100,1.4298462319843848,1.3625340643657284,1.1271042155784852,0.9529234919721133,0.7882695288249668,0.827211770373728,0.21173047117503319,0.2428136683039048,9,19986,17998,10.847436039594246,4.7356556711942766,87072057.85898146,"[10.500012157751293, 10.999974665437254]",600,0.0,[ 0.08431071  0.07954347 -0.17979422],"[[-0.53339902  0.69396194  0.48363449]
 [ 0.67694629  0.00739201  0.7359953 ]
 [ 0.50717769  0.71997374 -0.47371785]]"
m11v_res7100,1.3810050449507791,1.3113848551729104,1.1127401487870516,0.949587302354605,0.8057466211694477,0.8485229522040906,0.19425337883055227,0.2801929687671002,30,7006,6286,10.663732797491793,4.534064705487674,30370329.742957897,"[11.000119278856111, 11.49996247980065]",600,0.0,[ 0.02139699  0.11576399 -0.15026701],"[[-0.78908447  0.28004997 -0.54673368]
 [ 0.61386653  0.32666022 -0.7186522 ]
 [ 0.02266239  0.90269879  0.42967582]]"
m11v_res7100,1.3904011592873529,1.3207259454992446,1.1384194891913824,0.9498884093107199,0.8187705264679704,0.8619649618233638,0.18122947353202956,0.2964430069578829,28,13431,12078,11.442788208400511,4.557015079590639,58019484.44423939,"[11.500022222150314, 11.999952153513906]",600,0.0,[-0.01285132  0.09917969 -0.06598041],"[[ 0.47370409 -0.72639839 -0.49794559]
 [-0.70759782  0.02269083 -0.70625098]
 [-0.52431838 -0.6868992   0.50324918]]"
m11v_res7100,1.6006393255997926,1.5632450952980688,1.2964990596772312,0.9766379410378966,0.8099882584050634,0.8293639068990801,0.1900117415949366,0.13427094540443144,8,15106,13601,11.920692996588029,5.388499049466963,65009814.90643248,"[12.00001081060488, 12.499967475671319]",600,0.0,[ 0.05400623  0.04880052 -0.16749562],"[[-0.40894042 -0.80103351 -0.43716479]
 [ 0.66947217  0.06220394 -0.74022813]
 [ 0.62014091 -0.59537886  0.51083194]]"
m11v_res7100,1.6079014159886356,1.5316942003205936,1.314366979232765,0.9526045472003113,0.8174425161660874,0.8581131788301212,0.18255748383391257,0.27892705942537366,16,6532,5869,12.220244706810538,5.485061197381658,27976370.257660385,"[12.500001541176733, 12.999882449908792]",600,0.0,[ 0.06460452 -0.02103449 -0.17332418],"[[ 0.65361198 -0.65819647  0.37358907]
 [-0.60132992 -0.15190396  0.78442815]
 [-0.45955818 -0.73736192 -0.49507947]]"
m11v_res7100,1.438962950500513,1.3311935346982773,1.2559107368687876,0.9251061913965537,0.8727887930901524,0.9434471428329518,0.12721120690984755,0.6051825994097696,30,745,651,12.641075478420476,5.487469620064773,3143052.682772523,"[13.000365210531745, 13.534457671364734]",600,0.0,[ 0.01434803 -0.05750418  0.12862097],"[[ 0.7675836  -0.58392755  0.26428021]
 [-0.57066115 -0.43487793  0.6965824 ]
 [-0.29182403 -0.68549968 -0.66702993]]"
