Simulation,a,b,c,b/a,c/a,c/b,ellipticity,triaxiality,Iterations,Initial Particles,Remaining Particles,Max Radius,r_50,mass,Center of Mass,Rotation Matrix
object_301,2.161167730999404,1.1691477871766853,0.8516425925100469,0.5409796613222742,0.39406593958175373,0.7284302308492878,0.6059340604182463,0.8373753143183551,18,23304,20845,21.10295964055434,6.508513995540768,990294519.2076946,[ 0.18740443 -3.30752424  2.20183115],"[[-0.36903487  0.70388964  0.60692062]
 [ 0.80300632 -0.08732292  0.58953843]
 [-0.46796807 -0.70492133  0.53300263]]"
object_341,3.1010339806000102,2.1044107868100705,1.3447119869601205,0.6786158423207262,0.4336334252938228,0.6389969084878507,0.5663665747061772,0.6644159501193291,30,21495,19239,21.079768208919532,8.94759700777861,908091137.6919992,[-1.44193573 -2.8227535  -0.49361754],"[[-0.11730774 -0.83256195  0.54136817]
 [-0.99302611  0.09188896 -0.07386174]
 [ 0.01174872 -0.54625728 -0.83753504]]"
object_354,3.398332439100808,2.7828050117188714,1.356561539733838,0.8188736863116299,0.3991844718089974,0.4874799111044876,0.6008155281910026,0.39189341239139985,14,31522,28265,16.145054047163757,9.215022994969159,1323417483.279032,[4.58006966 6.41234576 2.6417763 ],"[[ 0.9181222   0.34235877  0.19960485]
 [ 0.39490852 -0.83251146 -0.38855107]
 [-0.03314945 -0.43556302  0.89954765]]"
object_364,1.6350474691822394,1.4270712821949745,0.9909292888680631,0.8728011321339293,0.606055363862721,0.6943796720118405,0.39394463613727904,0.37651233201383194,30,18390,16446,16.517304836222547,4.970389361495327,776133466.0050882,[-1.33270898 -0.91619415 -0.24429197],"[[ 0.74923986  0.66228089  0.00486481]
 [ 0.63308957 -0.71401967 -0.29895401]
 [ 0.19451795 -0.22706812  0.95425512]]"
object_368,2.1850738226783055,1.4852202868449875,1.0543474808139242,0.6797117202312698,0.4825225902535326,0.7098929971214205,0.5174774097464674,0.7012664858951972,30,14387,12839,20.47573443123509,5.973825965615201,608136456.6108533,[-2.06211724  1.68428611 -2.60109976],"[[-0.30985274 -0.06256586 -0.94872377]
 [ 0.45777012 -0.88438219 -0.0911848 ]
 [-0.83332935 -0.46255125  0.30266902]]"
object_369,12.671642393507915,2.229435784445584,1.9811285256852975,0.175938975802205,0.15634346868092588,0.8886232738827077,0.8436565313190741,0.993325613083292,13,21155,18940,33.41792770085549,23.98631869080334,896556442.3508673,[ 7.47882104 -5.81839121  3.9116734 ],"[[-0.41742578 -0.85553577  0.30629115]
 [ 0.64939902 -0.04507943  0.7591105 ]
 [-0.63563875  0.51577747  0.57440141]]"
object_371,2.204494069173402,1.3202751593746158,0.9534912132056921,0.5989016608557567,0.4325215597260434,0.7221912844723513,0.5674784402739566,0.788900232420707,30,27129,24268,17.68075755618294,7.649433715535759,1156121765.2811325,[-0.06348322  0.60898188 -0.53353638],"[[-0.45470533 -0.30298008  0.83752381]
 [ 0.85761923  0.10474107  0.50350627]
 [ 0.24027551 -0.94722351 -0.21221522]]"
object_376,8.94184972765313,2.0107806180804277,1.4583810325663669,0.22487300495131174,0.16309612406661772,0.7252810274044695,0.8369038759333822,0.9753775106000433,30,29245,26165,58.40753054069127,8.798926110945667,1244854667.1725545,[-4.57754309 -0.98083936  3.61617211],"[[-0.85091975  0.3893628  -0.35260768]
 [-0.09203234  0.55036964  0.8298333 ]
 [ 0.51717079  0.73857286 -0.43248643]]"
object_385,2.798513775148105,1.750159392963078,1.442340650887558,0.6253888790918869,0.5153952300310637,0.8241195954418913,0.4846047699689363,0.8291332839974546,13,18790,16809,20.274928343338637,8.539569122723593,792832841.0897933,[-2.56670442 -0.37811688  0.19862052],"[[-0.49809625  0.84505675 -0.19436876]
 [-0.85669418 -0.44492615  0.26099005]
 [-0.13407166 -0.29651275 -0.94557124]]"
object_389,2.2759052748136015,1.5517221563125652,1.0531767538113086,0.6818043674685241,0.4627506976965747,0.6787147747596936,0.5372493023034253,0.6809630015066945,30,25468,22801,15.857506351644096,7.071631581426433,1077087827.1899934,[-4.06435629 -4.16639261  0.70485756],"[[-0.46137329 -0.77656269 -0.42905137]
 [-0.84386523  0.23480537  0.4824499 ]
 [ 0.27390902 -0.58465103  0.76364718]]"
object_393,2.6798500113794623,1.7014846488667483,1.1518338570311701,0.634917865418484,0.4298128074855427,0.6769581246579768,0.5701871925144573,0.7321328266620704,10,20765,18609,15.395485560464401,8.022100337171143,875487354.5940993,[ 2.2109805  -0.82001206 -0.71374005],"[[ 0.96473344 -0.19246663  0.17957167]
 [-0.12455196  0.26721901  0.95555262]
 [ 0.23189696  0.94421957 -0.23382302]]"
object_395,2.3998014628572317,2.039341445388481,0.7544877029267344,0.8497959005993843,0.3143958842447043,0.36996634606374584,0.6856041157552957,0.30832304879413525,19,24593,22041,15.45433713040521,8.607333055950718,1033995278.3251625,[ 4.7073846  -1.3989753  -1.69857558],"[[ 0.77213971  0.53661851  0.340354  ]
 [ 0.62815271 -0.72550854 -0.28117883]
 [-0.09604397 -0.43090362  0.89727232]]"
object_402,2.4941944122265602,2.386347057662829,1.1699120327813104,0.9567606462290739,0.46905406693495605,0.4902522577445687,0.5309459330650439,0.10847479090163357,14,15363,13781,12.377079188120002,6.385357343988347,644946947.404098,[ 0.90113033 -0.4715228   0.14389548],"[[-0.00252867 -0.78021036  0.62551212]
 [-0.96705564 -0.15731881 -0.20013542]
 [ 0.25455255 -0.60541109 -0.75410902]]"
object_405,2.62413085562012,2.052497489687556,0.8395861966860084,0.7821627817422699,0.3199482963617689,0.40905589454037067,0.6800517036382311,0.4324945105035138,20,23556,21125,14.433787991446248,7.0509628545305025,991353042.9171369,[-2.40862709 -1.67297464  2.20436636],"[[ 0.62242397 -0.7761269  -0.10107148]
 [ 0.45865058  0.25704684  0.85062716]
 [-0.63421451 -0.57580723  0.51596317]]"
object_408,1.8721083610192686,1.2985666998969783,1.001381725805556,0.6936386412963693,0.5348951730872854,0.7711438510513172,0.4651048269127146,0.7268171622543744,30,24170,21667,14.844328568550907,6.572923713943052,1016201997.2702615,[-0.45274067 -1.16977895 -2.22742978],"[[ 0.62898129  0.4975919   0.59731469]
 [-0.77469988  0.33695202  0.53507329]
 [ 0.06498174 -0.79929071  0.5974209 ]]"
object_411,2.5283598352420125,1.9721447488873916,1.4058966432147575,0.7800095229319365,0.5560508530543818,0.7128770056092031,0.44394914694561816,0.5668513632934878,12,21091,18900,14.946735176463092,7.633473847675435,876987538.5808455,[-0.60172298 -3.53150872  1.85894013],"[[ 0.2803435  -0.84732527  0.45105145]
 [-0.95963847 -0.23643551  0.15229002]
 [ 0.0223946   0.47553984  0.87940908]]"
object_412,2.9011002789449822,1.801088380871164,1.3357942852906806,0.6208294121863827,0.46044402359523307,0.7416594873842746,0.5395559764047669,0.7799208444036922,30,12082,10831,21.27781528051889,8.595335218871773,499038218.0225707,[ 3.75400902 -5.72343029  3.69765885],"[[-0.58742054 -0.04800593  0.80785676]
 [ 0.69742792  0.47634923  0.5354304 ]
 [-0.41052578  0.87794467 -0.24633664]]"
object_417,2.373479973439671,2.1817740897570497,1.3361128419855732,0.9192300395082755,0.5629341123318032,0.6123974284314447,0.43706588766819676,0.22692864558817402,12,28309,25351,13.271685331177055,6.311256971483199,1199138080.515552,[ 0.74363087 -0.25309471  0.9636519 ],"[[ 0.15229404  0.09848388 -0.98341621]
 [-0.96671263  0.22183927 -0.12749126]
 [ 0.2056045   0.97009704  0.12899041]]"
object_418,1.7367141453654626,1.0404737263033488,0.8627111833933486,0.5991047686689961,0.49674909696310754,0.8291523001339356,0.5032509030368925,0.8510875568579913,27,18721,16704,13.92469959904537,5.30565296159947,791641709.2162794,[-0.75987052  2.25961185  1.2242325 ],"[[ 0.40993162 -0.01328528 -0.9120195 ]
 [-0.87734164 -0.27920433 -0.39027759]
 [-0.24945485  0.9601398  -0.12611042]]"
object_419,8.853759323500986,2.4704066343709195,1.6130303227904406,0.27902346834904274,0.18218592395084557,0.652941220424302,0.8178140760491545,0.9538043007009929,18,18257,16366,28.541621760855126,16.802033946391973,758346149.6356924,[-11.26304028   3.80060469  -3.60303177],"[[-0.89564059  0.33347496 -0.29431681]
 [ 0.43834113  0.77396617 -0.45698296]
 [-0.07539888  0.53830365  0.8393713 ]]"
object_423,1.8449172818815267,1.3079909958876812,0.7836608002442701,0.7089699948789765,0.42476744509925063,0.5991331765341632,0.5752325549007493,0.6068547627024841,30,26351,23526,11.280558471644321,5.264197651537466,1139790085.125657,[ 0.8000313  -0.40754973  3.66823521],"[[ 0.42451344  0.83925286  0.339769  ]
 [-0.24551377 -0.25450265  0.93538836]
 [ 0.87149947 -0.4805029   0.09800834]]"
object_424,1.9092706834700766,1.455014568694443,1.141571027624218,0.7620787252910475,0.5979094727152183,0.7845770428598031,0.4020905272847817,0.6525030898135289,22,26212,23454,11.891754805140497,5.515685120004144,1120900579.4664,[1.01960394 1.98702717 0.35436729],"[[-0.29935513 -0.89846106 -0.32117633]
 [-0.88992658  0.14151258  0.43359529]
 [ 0.34411799 -0.41562232  0.84192689]]"
object_427,2.102698703993653,1.285604281625213,1.0745899679725053,0.6114067979323269,0.5110527561231374,0.8358637127546346,0.4889472438768626,0.8475371830273626,16,29277,26159,12.92988165525682,5.833088574763623,1267662940.160386,[ 2.21237875 -2.09973773 -1.57146495],"[[-0.72909658 -0.29867955 -0.61579924]
 [ 0.23697783  0.73392376 -0.63655119]
 [ 0.64207452 -0.61003807 -0.46432087]]"
object_431,2.481749558740688,1.2743638335248317,0.9468998290870407,0.5134941312013291,0.3815452795194714,0.7430372741102982,0.6184547204805286,0.861778773681071,19,25415,22719,14.436829756763274,6.979704963406309,1088955286.237949,[-1.87464965 -0.03111036  1.25503402],"[[-0.10477868 -0.94155648 -0.32014502]
 [ 0.36622496 -0.3358256   0.8678136 ]
 [ 0.92460841  0.02631673 -0.38000884]]"
object_437,2.632089158618674,2.4287575808354713,1.1919308526460466,0.9227489778918008,0.4528459261127668,0.4907574399566188,0.5471540738872331,0.18685194648162623,18,18735,16786,13.760247874950878,6.547543045596953,784782120.4146991,[ 2.57376113 -3.35664993  1.47394875],"[[ 0.81422437  0.52977419 -0.23744049]
 [ 0.2720779  -0.70951167 -0.65005139]
 [-0.51284725  0.46468537 -0.72184154]]"
object_439,2.548569256115007,1.9363132000333978,1.0680766253721359,0.7597647956348177,0.4190887192134981,0.55160323513454,0.5809112807865019,0.5128282219023336,15,23447,20994,13.90328611680259,7.058144080981654,990071670.9833409,[ 1.61628433  2.92377942 -3.13132991],"[[-0.30752382  0.38599312 -0.86973468]
 [-0.85926478  0.28000554  0.42808986]
 [-0.40877027 -0.87898021 -0.24556193]]"
object_440,2.938930691724806,2.0819705590497914,1.274076936218015,0.7084109077196101,0.43351717677638807,0.6119572299809571,0.5664828232236119,0.6134426433372355,17,27762,24851,14.111692433932278,7.524432432375763,1185851786.5154748,[-1.29652246  1.63564473 -3.31839008],"[[-0.37705683  0.34520895 -0.85945269]
 [ 0.73967968 -0.44622619 -0.50374216]
 [-0.5574066  -0.82565911 -0.08709141]]"
object_444,2.7254587755552295,2.048851612884041,1.1855110347680133,0.7517455891317415,0.434976689209508,0.5786222034397324,0.5650233107904921,0.5363605092822733,19,28387,25431,15.257744578326099,8.038340568128552,1214069523.7812471,[-0.93425893  1.54008268 -0.84190175],"[[ 0.91654195  0.38754595  0.09878756]
 [-0.36240475  0.90926317 -0.20470291]
 [ 0.16915568 -0.15181773 -0.97382634]]"
object_446,1.9787385678060028,1.2438605169475723,0.907992554093378,0.6286128633590778,0.4588744409526253,0.7299794001996199,0.5411255590473747,0.7661763724852252,30,6996,6241,16.13589833718822,6.193311342331499,287099166.7559924,[-5.66311716  4.44973035  1.10472129],"[[ 0.80102684 -0.26931751  0.53462517]
 [-0.54613579 -0.69448842  0.46842452]
 [ 0.24513607 -0.66719856 -0.7033878 ]]"
object_452,2.552600739821598,2.3957627025594976,1.038531211920396,0.9385575523757539,0.4068521942029129,0.4334866766274005,0.5931478057970871,0.14273675081457182,11,24117,21612,14.617806610279738,6.834420196840523,1012913076.1119592,[-1.13344826 -2.49851453 -4.2865067 ],"[[-0.71041054  0.68697127 -0.1529292 ]
 [-0.20919371 -0.41359032 -0.88610442]
 [-0.67197831 -0.59750609  0.43752899]]"
object_456,1.945720493899596,1.2096755211093762,0.8386590187850915,0.6217108391991879,0.43102748900190613,0.6932925434549335,0.5689725109980939,0.753456278229891,30,23105,20645,11.745834190032328,5.752186095348039,989905138.6870327,[-1.89395688  0.32599136 -0.31131269],"[[ 0.42506011 -0.90493865  0.02024697]
 [-0.69357633 -0.31124504  0.64967561]
 [ 0.5816148   0.290194    0.75994188]]"
object_458,2.907030197435348,2.5276404197176747,1.153483904895195,0.8694923162296766,0.3967911671205983,0.4563481007413363,0.6032088328794016,0.2895746859951657,30,20022,17942,14.699286018905292,7.861451514698795,831210414.6830125,[-1.46769217 -3.47445609  8.42663195],"[[ 0.1473059   0.15010062 -0.9776353 ]
 [-0.0587199  -0.98534745 -0.16013236]
 [-0.98734642  0.08099509 -0.1363336 ]]"
object_459,1.780562829100601,1.0577892989638478,0.7792032067547812,0.5940758066359045,0.437616237978175,0.7366336637343994,0.562383762021825,0.8003467113513041,30,24496,21848,12.103717333891744,5.609220755099549,1043277012.6930755,[ 0.10362415 -0.4773617  -2.76188014],"[[-0.14316672 -0.79629836  0.5877178 ]
 [ 0.13854744 -0.60411304 -0.78476241]
 [ 0.97995301 -0.03092506  0.19681398]]"
object_460,2.163948135046517,2.0258945532374955,0.9474945619332303,0.9362029155998908,0.4378545615710252,0.4676919439953475,0.5621454384289748,0.1528227641861553,10,29363,26323,12.136023610858231,6.402136820659127,1239274389.709858,[-1.55404817 -0.23396813 -0.5407406 ],"[[ 0.08311063  0.72146153 -0.68744882]
 [ 0.79339898  0.36951186  0.4837138 ]
 [-0.60300139  0.58562295  0.54169648]]"
object_464,2.817340954568928,1.7307147829764915,1.1241814254951046,0.6143078920461377,0.3990221430856642,0.6495474797769578,0.6009778569143358,0.740532397725779,12,17484,15650,15.743875810722098,7.861684546759444,738149393.6088011,[-0.62009418 -0.74204237  0.99764878],"[[-0.87407144 -0.24554882  0.41917167]
 [-0.04119176 -0.82228397 -0.56758463]
 [-0.48404788  0.51337593 -0.70862035]]"
object_466,2.5495109796683515,1.4764908969102195,0.9525901047944749,0.5791270987592633,0.3736364002316989,0.6451716748053874,0.626363599768301,0.7724488802232982,19,21083,18880,14.835534959087907,7.344864243945467,888174748.6558018,[ 0.7667042  -3.00448768  1.34820198],"[[ 0.44085104 -0.43489346 -0.78518662]
 [-0.87009128  0.00777728 -0.49282925]
 [ 0.22043484  0.90044833 -0.37496839]]"
object_467,2.223007058079772,1.5015162399384672,1.1653267444536015,0.6754437573560712,0.5242118958723451,0.7760999937645411,0.47578810412765493,0.7498266889223967,30,5228,4684,12.141093728903165,5.728192711094722,215139504.13721025,[2.36711597 4.52182745 2.17720797],"[[-0.39325018  0.10700401  0.91318368]
 [-0.7718222  -0.57815419 -0.26462847]
 [-0.49964466  0.80888063 -0.30994731]]"
object_472,2.9291960177726977,2.0993226904834588,1.0707575752372551,0.7166890429134688,0.3655465761732934,0.5100490649156312,0.6344534238267066,0.5613694098345771,29,7300,6536,14.513962437755625,8.244077933557426,301468422.33237845,[ 8.21546837 -1.8337736   2.76272848],"[[-0.8342191  -0.48824261  0.25631553]
 [ 0.39366883 -0.85279052 -0.34318097]
 [-0.38613902  0.18538469 -0.90362004]]"
object_473,1.1778612930741057,1.0490077375773506,0.6450586244305427,0.8906037949846712,0.5476524512890658,0.6149226562620832,0.4523475487109342,0.29543170484432524,16,22899,20448,11.784956271986744,4.058243024926074,984402530.8165123,[-0.31245586 -0.45805356 -1.5774082 ],"[[ 0.52682784  0.84794159  0.05871526]
 [-0.34716988  0.27772214 -0.89573628]
 [ 0.77583858 -0.45151464 -0.44069154]]"
object_474,1.974132895566792,0.9609290737041616,0.7038636603433135,0.486760073682005,0.35654320026982156,0.732482427272265,0.6434567997301784,0.8741949639837082,30,4743,4237,17.428481459358167,6.007012269746405,192351771.9039496,[-0.38831219  2.08036128 -1.61548532],"[[ 0.86602218  0.04420072 -0.49804808]
 [ 0.42070055 -0.60272423  0.67803728]
 [ 0.27021591  0.79672442  0.54056781]]"
object_475,2.2383010514607626,1.737920087978134,1.0180343018993183,0.7764460847855701,0.4548245649238862,0.585777395026075,0.5451754350761138,0.5007113166409457,11,26904,24105,13.232750139967717,6.650943241946715,1136159787.7155986,[-0.65127483 -2.09130519 -0.51921775],"[[ 0.73636039 -0.41822167  0.53184961]
 [ 0.58634544  0.78668489 -0.19319914]
 [-0.33759799  0.45411179  0.82450596]]"
object_481,2.4792538627218783,1.8737866448727973,0.9035207225882514,0.7557865182937089,0.3644325158361599,0.4821897546663256,0.6355674841638401,0.49445595797448555,30,8963,8031,17.204482129936466,7.777769400864911,371635349.5440918,[-0.19752594 -2.21228019  3.42586454],"[[-0.95954572  0.28019038  0.027665  ]
 [-0.07831015 -0.17121179 -0.98211712]
 [ 0.2704432   0.94455274 -0.18622729]]"
object_483,1.7844710604169318,1.3599945200636343,1.0958652285088895,0.7621275291210826,0.6141120765796261,0.805786503064449,0.3858879234203739,0.6729559629871678,30,23452,20996,10.78250366099207,5.59941897721484,996442525.51726,[2.53717161 2.36510427 4.17025483],"[[-0.33913945  0.67438619 -0.65588696]
 [-0.16006872 -0.72840661 -0.66618452]
 [ 0.92701804  0.12094247 -0.35497955]]"
object_485,2.030416885890499,1.7518774867976579,0.8279366063958866,0.8628166456709311,0.4077668050089973,0.4725996039308161,0.5922331949910027,0.3065124088941521,30,25503,22834,13.094525837063427,6.270193055106534,1080228999.50074,[-3.84593617 -4.19219304 -1.17377275],"[[ 0.23119774  0.77603838 -0.58678109]
 [ 0.22185361  0.54517917  0.80843098]
 [ 0.94727429 -0.31708691 -0.04612272]]"
object_487,1.5076327999023469,0.8170837287792859,0.45560877224380697,0.5419646805456942,0.30220141951894247,0.5576035309434951,0.6977985804810576,0.7772579057807901,30,11164,9974,14.809123677157347,7.053577333070598,470642822.65772104,[-0.02941235  0.63287274  0.06238028],"[[-0.31131637  0.72193211 -0.61797746]
 [-0.81234291  0.13528359  0.56727184]
 [ 0.49313397  0.67861062  0.54434044]]"
object_491,1.8623459296308897,1.5720713266697626,1.0396174713975164,0.8441349706610852,0.5582300553601043,0.6613042638464862,0.4417699446398957,0.41755495967489215,30,20788,18601,11.21117345109633,5.2850264129205105,884554408.2256417,[-0.80489363  1.15128944  0.53990085],"[[ 0.52158072 -0.23360011 -0.82060011]
 [ 0.66620319  0.71238071  0.22065136]
 [-0.53303551  0.66177391 -0.52718919]]"
object_493,1.5592287271850682,1.2187143519649022,0.8728020109356538,0.7816135828674033,0.5597652196360919,0.7161661873665944,0.44023478036390806,0.5666247698958804,30,24689,22032,10.30439697989124,5.186571252118993,1067220852.3085877,[-1.93459993  0.85965084 -2.36734462],"[[-0.54111469 -0.83470443 -0.10229076]
 [ 0.35723944 -0.11804507 -0.92652326]
 [-0.76129815  0.53789764 -0.36206526]]"
object_494,2.232932183003514,1.569224371581135,0.9765990286364002,0.7027640084753373,0.4373617058637124,0.6223450555081481,0.5626382941362875,0.625835939988746,30,17331,15522,12.83772839165154,6.240947248652708,726029923.0679922,[ 0.84334883 -2.63669868  0.11655981],"[[-0.36509187  0.12517701  0.92251756]
 [ 0.51262328  0.85419793  0.08696707]
 [-0.77712631  0.50465494 -0.37602937]]"
object_496,3.0507561879893204,2.517001325128015,1.1603679893510184,0.8250417830953938,0.38035421969127886,0.4610120693091021,0.6196457803087212,0.3733129984179367,23,16528,14824,16.727441035989955,8.93582616744631,687468374.5026665,[-3.37123376 -6.28656993  2.11455951],"[[ 0.98871327  0.13368731  0.06762969]
 [-0.14980772  0.88798395  0.43478978]
 [-0.00192821 -0.44001387  0.89798891]]"
object_498,2.3578141735282743,1.3512163442331824,0.9735450120048036,0.5730800838351051,0.4129015012866658,0.7204952901582108,0.5870984987133342,0.8096072557824066,25,25991,23208,12.897054535809282,6.45349160913383,1121747220.1090832,[-1.99369889  1.21133898 -1.61019506],"[[-0.57905335 -0.32123324  0.74933732]
 [ 0.30306432 -0.93805542 -0.16794062]
 [-0.75686805 -0.12985083 -0.64053846]]"
object_503,1.0945525573731978,0.8001497875219206,0.676029938449107,0.7310291151684752,0.6176313178341132,0.8448792326031664,0.3823686821658868,0.7527448338549049,9,23690,21168,11.628149711828547,3.706385196473115,1014925721.4169369,[ 0.32658973  0.17096731 -1.01316848],"[[-0.84103    -0.21891643 -0.49471622]
 [ 0.26305156 -0.96456682 -0.02036466]
 [ 0.4727287   0.14726316 -0.86881594]]"
object_505,1.6050161047742628,1.209512448376479,0.9917128275586822,0.7535827489697311,0.6178834122653003,0.8199277559233492,0.3821165877346997,0.6989631172627465,30,17565,15702,11.153556307218231,4.724832628679734,748860688.5116438,[-0.60482092  1.46226227  0.56172731],"[[ 0.47127818 -0.59288232 -0.65298348]
 [-0.52360808  0.40769687 -0.74807609]
 [-0.70974041 -0.69445937  0.11829933]]"
object_506,2.844675346154075,1.686118858584151,1.0518918830458093,0.5927280457025574,0.36977572307783346,0.623853933956407,0.6302242769221665,0.7514179036264433,25,13703,12271,14.886691811253455,7.76893633799679,576315978.0301183,[ 2.01172075  3.84565705 -1.62313121],"[[-0.79161076  0.19260558  0.57987541]
 [-0.60368856 -0.09990498 -0.7909356 ]
 [-0.09440617 -0.97617728  0.19535964]]"
object_507,2.3433635542976745,1.619174050140802,1.019683979979061,0.6909615228807644,0.43513691168789587,0.6297556336765587,0.5648630883121042,0.6446288671562326,30,22669,20281,13.477654050456206,6.599772517194196,959555224.157238,[-1.50500537 -0.98225749  1.83042312],"[[ 3.15063447e-02 -9.78054874e-01  2.05951483e-01]
 [-1.45669385e-01 -2.08346926e-01 -9.67146312e-01]
 [ 9.88831523e-01  4.70419191e-04 -1.49036902e-01]]"
object_509,1.9394118440108292,1.6387047846080365,1.025414563213418,0.844949353933556,0.5287245029363099,0.6257469758097325,0.4712754970636901,0.3970579921801004,30,29472,26351,12.48426678273159,5.578141417563468,1258193357.2275183,[-0.28630831  2.05643604  0.66371306],"[[ 0.27432004 -0.01696934  0.96148872]
 [-0.30443388  0.94688621  0.10356892]
 [-0.9121779  -0.32112077  0.25458382]]"
object_513,2.750003382701587,2.0517661934324183,1.24716731337759,0.7460958798591641,0.453514828826276,0.6078506007993009,0.546485171173724,0.5581359377244622,30,18417,16492,13.87429188960835,7.421425912602891,771077487.9599333,[-4.62415751 -2.53745664  2.22460603],"[[ 0.7656853  -0.62779159  0.14001335]
 [-0.51068485 -0.72568547 -0.46106571]
 [ 0.39105882  0.28152854 -0.87625035]]"
object_514,2.306362229685148,1.3562088745317729,1.0703583880458827,0.5880294331376191,0.4640894540629042,0.7892282731267488,0.5359105459370959,0.8338056253710789,27,20523,18368,15.571533213313396,7.32706046674271,871883847.8414676,[-0.66386054  1.8717027  -0.04873492],"[[ 0.78572768  0.44836623 -0.42614522]
 [-0.57957018  0.77437248 -0.25386152]
 [-0.2161722  -0.44644708 -0.86830558]]"
object_515,2.2360238426252814,1.4850698778867395,1.0104866463588131,0.6641565485916919,0.45191228603914,0.6804303699141347,0.54808771396086,0.7023290230134046,30,5159,4604,12.218065360567042,6.490838987614124,212844137.73520517,[-0.26390143  0.66380342 -0.25010274],"[[-0.09980465 -0.80193848  0.58901078]
 [-0.89804274  0.32749298  0.29371343]
 [-0.428437   -0.49964289 -0.75286036]]"
object_516,1.7205670299225735,1.181756297891467,1.1195625909132976,0.6868411851089852,0.6506939697453569,0.9473717998464338,0.34930603025464313,0.9161491625825414,30,20453,18307,14.161864835935882,5.027034020462036,872872534.8207376,[-2.13179079  2.53427932  0.58475024],"[[ 0.02022941 -0.32796924 -0.94447178]
 [-0.86976588  0.46008931 -0.17839601]
 [-0.49304977 -0.82507818  0.27594912]]"
object_518,2.943373472329491,2.249554137403809,1.1904748819133737,0.7642775062532012,0.4044593365758608,0.5292048153538952,0.5955406634241391,0.4972185629824358,25,13666,12249,18.10999653632176,7.9847355334724455,569198346.200842,[ 1.30396719 -3.91682247 -0.50996749],"[[ 0.2351638  -0.65706186 -0.71621764]
 [-0.97173814 -0.17453226 -0.1589449 ]
 [-0.02056645  0.73335408 -0.67953574]]"
object_519,2.3331715671646287,1.5217288649695004,0.7538636992043848,0.6522147305346994,0.32310684298305276,0.49539948709555054,0.6768931570169472,0.6415974571220523,21,7230,6475,12.827188977733838,6.9254056565847675,299318475.8793949,[-0.41435669 -2.56476214  2.01169423],"[[-0.52391886  0.83054025 -0.18897598]
 [-0.42327115 -0.44639415 -0.78839952]
 [ 0.7391553   0.3330693  -0.58541804]]"
object_521,2.5417758807206665,1.4943272254228699,1.0576738835915518,0.5879067610788663,0.41611610670082794,0.707792687971838,0.5838838932991721,0.7913983300422986,30,17118,15326,16.510088664975633,7.410256395147408,718975467.4205822,[ 1.55037961 -0.04872531  3.37659783],"[[-0.50078679  0.47620106  0.72280367]
 [ 0.83914171  0.06232287  0.5403305 ]
 [ 0.21225876  0.87712508 -0.43081064]]"
object_522,1.5002786054603647,1.0081515175484501,0.767675055803527,0.6719762008731012,0.511688331093653,0.7614679365561078,0.48831166890634703,0.74297821919883,10,20410,18230,12.531352532606748,4.746115786775508,873638830.0281394,[-0.41618824  0.73584964  0.65492236],"[[-0.7167732  -0.49700004 -0.48910852]
 [-0.40765098 -0.27041604  0.87217879]
 [ 0.56573568 -0.82453995  0.00877559]]"
object_524,2.396742050057289,1.772076455844735,1.0645935133868893,0.7393688677521126,0.44418360055119094,0.6007604863072378,0.555816399448809,0.564760374655278,30,20930,18729,15.067992454270604,7.146258620856825,877802302.0149173,[-0.23513363  0.54020602 -0.83871236],"[[-0.65229808 -0.2738528   0.70676153]
 [ 0.19409373  0.84100863  0.50500703]
 [-0.73269014  0.4665931  -0.4954352 ]]"
object_526,3.018263981441807,2.3314280318454346,1.4878095920445467,0.7724400669326892,0.4929355421502359,0.638153771732287,0.5070644578497641,0.5327986659072116,24,19068,17077,16.517765369750563,7.3174643695933606,794698639.3755237,[ 0.6414976  -0.43715198 -3.26633062],"[[ 0.08862049  0.98996679 -0.1100553 ]
 [ 0.33965045  0.07383407  0.93764924]
 [-0.93636744  0.12047526  0.32969945]]"
object_527,2.851260392710615,1.8645140850452417,1.3058865073226227,0.653926274082845,0.4580032432888924,0.7003897250210024,0.5419967567111076,0.7243185325843939,30,21280,19040,15.932782573307174,8.103597532000757,900720083.9649857,[ 3.15185484 -2.60578696  2.83408043],"[[-0.71227143 -0.26199404  0.65117474]
 [ 0.70108504 -0.22074749  0.6780489 ]
 [ 0.03389958 -0.93948372 -0.34091223]]"
object_528,1.6303838134305002,1.1684335745671832,0.888783012637781,0.7166616626968807,0.5451372893402857,0.760661993958029,0.4548627106597143,0.6920582347634856,17,12426,11136,12.076036238133174,5.2197147557541,522825339.8053029,[0.50223235 0.50494708 0.44067006],"[[ 0.16630112  0.70554694  0.68887405]
 [-0.71438463  0.56775387 -0.40903564]
 [ 0.67970475  0.42409794 -0.59844999]]"
object_530,2.2418616294254314,1.8146114561917603,0.9623366427426998,0.8094217022023917,0.42925782310183785,0.530326555284904,0.5707421768981622,0.42272963355397136,30,30773,27543,13.393457165095509,7.058870985690068,1320621733.0449245,[ 0.64869025 -1.00521826 -0.78361892],"[[ 0.45574714 -0.51202085  0.72809971]
 [-0.75241128 -0.6586476   0.00778463]
 [-0.47557523  0.55137826  0.68542703]]"
object_532,3.406322771282147,2.3974110090086533,1.8417626104237443,0.7038120489404658,0.5406893985359177,0.7682298127033822,0.4593106014640823,0.713128032849148,30,14637,13130,15.55023876136383,9.53238630163003,606473772.2497921,[ 0.28278429  2.0614268  -1.23646143],"[[-0.69445737 -0.22306506 -0.68408402]
 [ 0.6644516   0.16601006 -0.72865955]
 [ 0.27610331 -0.96056371  0.03292903]]"
object_533,3.790336419155076,1.6039208340941549,1.2378795657640398,0.423160547435442,0.32658831007934175,0.7717834567958313,0.6734116899206583,0.9189503229584033,30,5795,5186,17.96431709924608,9.011234465250133,238806547.53234577,[-1.37311618  0.57494405  1.98866053],"[[ 0.05717192  0.62726555 -0.77670412]
 [ 0.25719208 -0.76097207 -0.59562887]
 [-0.96466761 -0.1657089  -0.20483397]]"
object_535,2.728616359707946,1.4481640457900173,1.092160188888573,0.5307320102504333,0.40026154098316374,0.7541688333332199,0.5997384590168362,0.8553601919068623,10,23643,21153,15.507017457802306,7.993486916946536,1014409657.3604683,[-4.28595085 -2.87800704  2.83136033],"[[ 0.70710756  0.23009123 -0.66862315]
 [ 0.70672307 -0.19885214  0.67897005]
 [ 0.02326791 -0.95263626 -0.30322063]]"
object_536,2.4901033483857105,1.5924775857009965,1.087733806693474,0.6395226875757472,0.43682275572964974,0.6830449712199007,0.5631772442703502,0.7303769710116956,30,13451,12044,13.384058100626294,6.926987695893245,562862048.8975623,[-0.64964935  2.80125467 -1.25259421],"[[ 0.14495125  0.70700413 -0.69219527]
 [ 0.93081109 -0.3346741  -0.14691481]
 [-0.33552921 -0.62300755 -0.70659871]]"
object_537,2.675679936380515,1.8686080863419783,1.1921592152565794,0.6983675666640866,0.44555374469386444,0.6379931800414994,0.5544462553061356,0.6391694772169093,25,7590,6805,12.971745305445236,7.056669509463838,312851982.5995502,[ 0.092046    2.54085602 -0.41211366],"[[ 0.29153779  0.05168596 -0.95516191]
 [-0.95648575  0.00336834 -0.29175959]
 [ 0.01186257 -0.99865771 -0.05041889]]"
object_538,1.6446791995139172,1.3101800999403477,0.7938305976361976,0.7966174195718957,0.48266591920832536,0.6058942565776572,0.5173340807916746,0.4763815846707057,30,28526,25504,10.405856163502103,4.948834424456142,1235659168.2385125,[-0.29467926 -0.42022364 -0.91098254],"[[-0.33223037 -0.85722652  0.3934281 ]
 [-0.41829538 -0.23994831 -0.8760444 ]
 [-0.8453709   0.45561771  0.27885578]]"
object_539,2.5760612140606933,1.502794539571017,1.2474551344682894,0.5833691107060821,0.4842490262496141,0.8300902762292336,0.5157509737503859,0.8617609383486076,30,16598,14846,15.969402327878946,7.843230036395953,689767562.3365082,[-0.15703123  1.3755762  -1.18156464],"[[ 0.7153768   0.07564709  0.69463195]
 [ 0.3965611  -0.86246255 -0.31447996]
 [-0.57530454 -0.50043568  0.6469844 ]]"
object_541,2.3773067780767225,1.6288228139731509,1.2161476647563914,0.6851546586220957,0.5115653040539738,0.74664208674108,0.4884346959460262,0.7186271413829333,30,7057,6314,13.234984380126445,6.369900002245688,292376410.1167012,[-0.58481677  2.0911055  -2.02478401],"[[ 0.16624173 -0.64865411  0.74270555]
 [ 0.35098683 -0.66493533 -0.65929451]
 [-0.92150525 -0.37028213 -0.11712905]]"
object_542,2.2642149650575485,1.7575184993068558,0.8586800394809716,0.7762153887460883,0.3792396273024134,0.4885752496031335,0.6207603726975865,0.4642609280971082,20,23887,21395,13.342944750629657,6.658440332475622,1006502971.7662544,[-1.30637676 -1.42919815  0.64443879],"[[-0.65789336 -0.53871739 -0.52626979]
 [-0.57977295  0.80828873 -0.10262876]
 [ 0.48066584  0.23759821 -0.84410156]]"
object_543,2.1942698530400966,1.3258890770373717,0.9968320593662329,0.6042506919558646,0.4542887275168782,0.751821609084827,0.5457112724831218,0.7999794607821982,30,15244,13641,11.680597587682824,5.88269361735897,645980100.9004813,[-2.11837986 -1.42093099 -0.43791909],"[[-0.75286066  0.56825146  0.33210104]
 [-0.42045594 -0.02702833 -0.90691029]
 [-0.50637696 -0.82241093  0.25927327]]"
object_544,3.337370293096917,2.508860572984177,1.336388015021978,0.7517477392824985,0.40043144681493376,0.5326673109747205,0.5995685531850663,0.517921663588803,20,13039,11712,17.101179579000544,9.358736072241454,539301290.1522152,[-1.10063873 -0.66600383 -1.12217719],"[[ 0.12989353 -0.92281277 -0.36269031]
 [-0.48716967  0.25919437 -0.83395683]
 [-0.8635933  -0.28501732  0.41589872]]"
object_545,1.829927705257127,1.300464727025812,0.5920480538127113,0.7106645378884413,0.3235363080802809,0.4552588328687212,0.6764636919197191,0.5528230811602254,30,4398,3928,13.662568330531847,7.074456492890893,181879652.92439514,[-3.82568112 -0.27935621  0.76089877],"[[-0.99711581  0.05765394  0.04935665]
 [-0.07239686 -0.52738631 -0.84653551]
 [ 0.02277608  0.84766721 -0.53003919]]"
object_546,3.0396561759749803,1.4773739177536782,1.2130590325344532,0.4860332327816008,0.39907771218412896,0.8210914095321845,0.6009222878158711,0.9084549807251663,30,11141,9971,23.25341988014861,9.581130723843195,463201337.3266885,[ 0.76065131 -0.92702916 -0.34574563],"[[ 0.91079175  0.17686198  0.37306598]
 [ 0.05117623 -0.94499386  0.32305973]
 [-0.40968205  0.27514803  0.86974374]]"
object_547,2.139472483401667,1.3278957704972811,0.9856492543114558,0.6206650381340663,0.4606973270085329,0.7422640211756544,0.5393026729914672,0.7804109023293555,18,19347,17312,13.22397568252195,6.5820018963529865,817241542.556303,[-0.57777541  1.30676531  0.04309884],"[[-0.18328718  0.63419819 -0.75113145]
 [ 0.98294441  0.10654267 -0.14989645]
 [ 0.01503651  0.76579456  0.64290947]]"
object_548,2.794796903485018,2.4570285873213757,1.0425032299842072,0.8791438777742824,0.37301573816839445,0.4242943022167814,0.6269842618316055,0.26381320730063584,30,20169,18067,13.347084000171211,7.510335219092276,853134440.8152169,[-2.74766244 -0.67737245  1.32541072],"[[-0.6258528  -0.76543412  0.14972935]
 [-0.27476915  0.03671608 -0.96080895]
 [ 0.72993848 -0.64246598 -0.23329655]]"
object_549,2.4448371447183987,2.0177706321726654,1.1079049707955304,0.825319034657041,0.4531610513154,0.5490737912081597,0.5468389486845999,0.4012464261748805,30,24697,22132,14.823251999348784,6.828928084916678,1033615925.9167125,[-1.36926329  1.88863325  1.49714189],"[[ 0.84216248  0.53783492 -0.03867756]
 [-0.44592116  0.65431895 -0.61075448]
 [-0.30317763  0.53160165  0.79087484]]"
object_552,2.963172552310531,2.3902900469117365,1.587611134501277,0.806665830192005,0.5357808586824749,0.6641918358621275,0.46421914131752506,0.4899301361990627,26,7883,7057,14.422027261854293,7.767821664715896,328949331.65657735,[-3.86912499 -0.51602565 -1.29781787],"[[-0.34870468  0.88185394 -0.31739356]
 [-0.88897666 -0.41847149 -0.1860164 ]
 [-0.29685946  0.21729068  0.92987054]]"
object_553,2.148396377386837,1.731250823349587,1.5482308736920862,0.8058339892824445,0.7206448912259147,0.8942845558892515,0.2793551087740853,0.7294628237148092,20,24945,22317,11.642879086597246,5.967263532091891,1051276636.9347574,[-5.7204613  -1.13919723  0.27836745],"[[-0.73699816 -0.193185    0.64769844]
 [-0.46972074  0.83544394 -0.28529957]
 [ 0.48600014  0.51450265  0.70646365]]"
object_555,2.5910076238624464,2.135071792303556,1.1211187376909013,0.8240314588965889,0.43269603970506115,0.5250965057626058,0.5673039602949388,0.39490940969800425,30,19444,17407,12.821035449083722,6.541873381396454,815792571.9456747,[-2.09550113  1.09748149  2.85695121],"[[ 0.545681   -0.77356638 -0.32222243]
 [-0.47614543  0.03019906 -0.87884785]
 [-0.68957797 -0.63299531  0.35185105]]"
object_556,2.397323361996875,1.7481976495368126,1.4480534858431036,0.7292289714645059,0.6040292723118222,0.8283122255808818,0.39597072768817776,0.7371898151443734,30,23030,20632,14.45881797091297,6.819113138990912,961522021.2119923,[-0.00431023 -2.33699685  0.48861424],"[[ 0.22973003 -0.81897044 -0.52584364]
 [ 0.92025403  0.35864917 -0.15653528]
 [-0.31679116  0.44794887 -0.83605333]]"
object_558,2.1739430665307995,1.8576805957810194,1.2551709159006113,0.8545212726042201,0.5773706474768108,0.6756656223633015,0.42262935252318923,0.4047043767906613,19,26706,23375,11.299883567367054,5.792530960145016,1111686137.703856,[-1.38666832 -1.43636993 -1.31522651],"[[-0.35407246  0.90769427  0.22521943]
 [ 0.7424625   0.41925547 -0.52246942]
 [-0.56866698 -0.01777505 -0.82237578]]"
object_559,1.8185699198602987,1.603690279267416,1.2644775095635599,0.8818414193228327,0.6953142113230907,0.7884798741445185,0.3046857886769093,0.4304729713169016,30,15332,13732,10.63593577565767,5.029132517603716,642079671.4266593,[ 1.97588666  1.29465032 -0.56408826],"[[-0.78291826 -0.53819388  0.31206786]
 [ 0.08834473 -0.59271213 -0.80055452]
 [ 0.61581995 -0.5991992   0.51159174]]"
object_560,2.3974020572656545,2.0222909293591926,1.3322795439111197,0.8435343263472906,0.5557180281352744,0.6587971713512466,0.4442819718647256,0.4173310784220032,21,13128,11754,12.927353418689433,6.505015675721959,549176446.2331698,[ 2.60420829  0.27470847 -1.76265363],"[[-0.96997344 -0.15497324 -0.18744287]
 [ 0.11128072 -0.96808977  0.22454129]
 [ 0.21625942 -0.19694031 -0.9562669 ]]"
object_561,2.6647842018719095,1.7252243347122476,1.03740975463274,0.6474161523099481,0.38930347677083915,0.6013187582389227,0.6106965232291608,0.6846098802324196,13,17830,15972,14.228223513930777,7.277703676513621,748991058.6494501,[ 2.57258128 -2.13998737  3.05938976],"[[ 0.59926739 -0.75419488  0.26845609]
 [-0.35531199 -0.55107631 -0.75502866]
 [ 0.71737855  0.35707839 -0.59821655]]"
object_563,1.5646717223119744,1.0252967174112209,0.9076924052739429,0.6552791251932593,0.5801168336657402,0.8852972899062644,0.4198831663342598,0.860044965618839,30,6784,6066,10.156501692409131,3.9813374045718177,281847262.94612634,[-0.69867128  1.11003185  1.17102377],"[[ 0.44217979  0.22342461 -0.86865326]
 [ 0.49165895 -0.87038746  0.02640371]
 [ 0.75016566  0.43875633  0.49471645]]"
object_566,2.8028622667611853,1.6943122414613065,1.3246233359117743,0.604493578423013,0.4725966565037201,0.7818059171722186,0.5274033434962799,0.8170804769697103,30,9630,8618,14.762790198462781,8.10564102311712,397564074.0520519,[-3.07441518 -0.24219528  4.13645866],"[[-0.82337028 -0.18761958 -0.53559338]
 [-0.28243624  0.95406166  0.09998062]
 [ 0.49223079  0.23359205 -0.83853658]]"
object_567,1.6618429696715296,1.1466934452976731,0.8974371863842248,0.6900131156942717,0.5400252627729364,0.7826304319296573,0.4599747372270636,0.73955685849721,30,23174,20714,10.305431286637535,5.120859696845358,996174806.5749459,[0.45855817 0.29495855 1.23034568],"[[-0.8491087   0.15731239  0.50424918]
 [-0.52325093 -0.11989189 -0.84370279]
 [ 0.07226952  0.98024423 -0.1841151 ]]"
object_568,1.9466118123651006,1.0863099707652817,0.9887603926451337,0.5580516689896345,0.5079391722398964,0.9102009732531255,0.4920608277601036,0.9280059014185169,30,15983,14305,12.893890918520961,6.287714714610063,670956757.7584639,[-0.42786     1.07382512 -1.88615418],"[[ 0.64665919 -0.76010435  0.06382221]
 [-0.33552366 -0.35858996 -0.87111257]
 [-0.68502246 -0.54189909  0.48691849]]"
object_569,2.9824337782394568,1.4646932736113547,1.135161544414635,0.49110672106053244,0.38061584223497014,0.7750165613963498,0.6193841577650299,0.8873654133571673,30,10131,9073,14.604591022968773,7.995951442386875,417770267.09679973,[0.57133969 1.11188453 3.92870078],"[[-0.29049422  0.20391618 -0.93489641]
 [ 0.04133804 -0.97344252 -0.22516842]
 [-0.95598341 -0.10405691  0.27434993]]"
object_572,2.0904009937472154,1.097243375101768,0.886158788339629,0.5248961220281805,0.42391808604679077,0.8076228195567267,0.5760819139532092,0.883201073342478,30,8806,7879,15.665835270570225,6.9521057091606,366917633.1979015,[ 0.82978931 -0.69378427  0.05034811],"[[ 0.77314499 -0.36966359 -0.51535973]
 [ 0.35599758  0.92543685 -0.1297396 ]
 [ 0.52489289 -0.0831593   0.84709621]]"
object_574,1.8966702205939954,1.2424216822652399,1.0843483679009787,0.6550541410810682,0.5717116007449016,0.8727699969980766,0.42828839925509843,0.8481134898277197,9,25950,23168,11.81469152225858,5.344692299562773,1128605435.7938545,[ 0.90466433 -1.69048726  2.25424762],"[[ 0.41434636 -0.85445449 -0.31340806]
 [ 0.85208079  0.24319336  0.46348174]
 [-0.3198053  -0.45909096  0.82883054]]"
object_577,1.8684551487133134,0.961323521509936,0.7103186138334558,0.5145017915853847,0.38016358825771507,0.7388965295655819,0.619836411742285,0.8595077016550321,30,3931,3504,13.691038834065456,6.292296260356155,162723705.70034537,[ 0.11437122  0.80853694 -0.77827291],"[[ 0.49905262 -0.86528674  0.04717347]
 [-0.34986497 -0.15138303  0.9244878 ]
 [-0.79280577 -0.4778724  -0.37828161]]"
object_578,1.4763760379792936,1.3432930749751666,1.0142697412258375,0.9098583561500518,0.6869995957222809,0.7550621380554562,0.31300040427771914,0.32603690055657386,23,22369,20000,9.110855535162356,4.145658415865883,947563123.4823937,[0.10247251 2.11110219 0.64534456],"[[ 0.28978025  0.94372059  0.15943292]
 [ 0.8773614  -0.19536429 -0.43825766]
 [ 0.38244527 -0.2668787   0.88459673]]"
object_579,1.8299723812615236,1.0742209901708641,1.0486814561556739,0.5870148649075955,0.5730586247606354,0.9762250651878177,0.4269413752393646,0.9758931323698766,30,9314,8327,10.945571974698408,4.785536711123976,390850683.5599352,[-1.41666685 -2.57365398  0.69706463],"[[-0.79047846 -0.57944362  0.19846637]
 [-0.56707719  0.56993738 -0.59463841]
