Simulation,a,b,c,b/a,c/a,c/b,ellipticity,triaxiality,Iterations,Initial Particles,Remaining Particles,Max Radius,r_50,mass,Center of Mass,Rotation Matrix
m11a_res2100,1.1155450804564,0.6756641091894517,0.6132610491028974,0.6056806856366747,0.5497411622773645,0.907641890048866,0.45025883772263553,0.9073729308396015,30,81964,73677,7.936678205384018,3.761359738096921,110962262.61280455,[ 0.00999087 -0.0113139  -0.26116878],"[[ 0.45836173  0.63038339 -0.62651521]
 [-0.23549592 -0.59358751 -0.76954242]
 [-0.85699836  0.50027058 -0.12362508]]"
m11b_res2100,1.0902574346182632,0.7972102236748586,0.3755017481190856,0.7312128295222214,0.3444156730291518,0.47101973477981085,0.6555843269708481,0.527954952599607,30,77615,69816,8.59428146990573,3.7095837952105812,103553928.2179602,[ 0.08557206  0.04077815 -0.06171264],"[[ 0.54090437  0.36981525  0.75541985]
 [-0.36269726  0.91290889 -0.18721125]
 [ 0.75886307  0.17272533 -0.62792739]]"
m11c_res2100,1.1536233828440126,0.7757850438596651,0.698702719614458,0.6724768719121594,0.6056592905493605,0.9006395845662232,0.3943407094506395,0.8651214576690472,30,597830,536473,10.73199811190316,3.8396505377795913,809886640.0533185,[-0.12503062  0.16710841 -0.15866092],"[[-0.3820503   0.69455194  0.60961887]
 [ 0.6252355  -0.29150241  0.72395229]
 [-0.68052784 -0.65774155  0.32288995]]"
m11d_res7100,2.1111740952776947,1.0336744369173934,0.9443285405842885,0.489620651953589,0.4473001742000229,0.9135647616482123,0.5526998257999771,0.9504315301852027,11,791342,708191,19.30371474285445,9.954198344007118,3860771771.2734494,[ 0.77722156  0.56522338 -0.57103764],"[[ 0.79717405  0.46931729 -0.37980893]
 [ 0.59906775 -0.53667679  0.59421869]
 [-0.07504247  0.701227    0.70897766]]"
m11e_res7100,1.8493478045311627,0.7951142919940787,0.5244869911355129,0.4299430804989395,0.2836064637762815,0.6596372325545103,0.7163935362237185,0.8864483134578824,30,279844,250337,14.752994935537735,5.723312423820657,1332786820.9282868,[ 0.32388    -1.18746072 -0.03398149],"[[ 0.22386259  0.34934271  0.90986   ]
 [-0.97387141  0.04357954  0.22287954]
 [-0.03821007  0.93598104 -0.3499707 ]]"
m11h_res7100,1.6760944464714158,1.4873478239083688,0.5742466218251383,0.8873890293232555,0.3426099424373527,0.386087647149115,0.6573900575626472,0.24080701699888232,16,717722,641954,11.301297431399881,5.359202105002253,3564963444.555041,[-0.38151962  0.39756092 -0.05300057],"[[ 0.98118231  0.00886048  0.19288019]
 [ 0.02672361 -0.99556424 -0.09020915]
 [ 0.19122532  0.09366608 -0.9770668 ]]"
m11i_res7100,1.7015711213709281,1.004608556762138,0.8115248275792387,0.5904005681247935,0.476926775135562,0.8078020260894355,0.5230732248644381,0.8432268250679504,30,185548,165912,11.728906025183413,5.249831623791949,889904600.2731416,[0.05886628 0.03919974 0.08225577],"[[ 0.86811667 -0.40450998 -0.28765453]
 [-0.46043313 -0.87273593 -0.16227548]
 [-0.18540439  0.27331973 -0.9438864 ]]"
m11q_res7100,0.991295925325934,0.7071036516987252,0.4420002112395677,0.7133123758843581,0.4458811944518382,0.6250854597875704,0.5541188055481618,0.6130699068470803,25,129669,116009,10.924760565023616,3.405422704249858,598938228.2943897,[ 0.02408284  0.00547592 -0.02680546],"[[-0.46780843  0.64845152  0.60055466]
 [ 0.86926371  0.21471247  0.44528547]
 [-0.15979947 -0.73034867  0.66411968]]"
m11v_res7100,0.8920925002662733,0.8521207345391809,0.6096849306156599,0.955193249898232,0.6834324136047327,0.7154912513018146,0.3165675863952673,0.16438833781127266,10,484370,433114,7.981633633272014,2.993404288456737,2369425623.8974266,[-0.00429778  0.15064611 -0.05269222],"[[ 0.65784651 -0.33563476  0.67423088]
 [-0.72608794 -0.04480217  0.68614071]
 [-0.20008566 -0.94092618 -0.2731733 ]]"
