Simulation,a,b,c,b/a,c/a,c/b,ellipticity,triaxiality,Iterations,Initial Particles,Remaining Particles,Max Radius,r_50,mass,Center of Mass,Rotation Matrix
object_108,4.066155304946538,2.4562631167164537,1.7030318541429414,0.6040750862930329,0.41883099056034034,0.6933425993952814,0.5811690094396597,0.7702015898545097,30,266033,235473,21.008025478621633,6.00374543713353,12708273032.850237,[ 0.27925726 -1.26192741  2.18523379],"[[-0.64194809 -0.70447605 -0.3026816 ]
 [ 0.08647542 -0.45876167  0.88434141]
 [ 0.76185606 -0.54152676 -0.35542104]]"
object_109,3.829071531299487,3.5940401262375192,1.3342550483606153,0.9386192179642556,0.34845393653636025,0.371240999403477,0.6515460634636397,0.1354389849837798,6,274860,243756,14.924119437790306,6.889443910687081,13035069889.134268,[0.99126504 0.81210028 1.01585281],"[[-0.9878695   0.15199307 -0.03181137]
 [ 0.12456514  0.65330714 -0.74677527]
 [-0.09272207 -0.7416791  -0.66431524]]"
object_111,5.639863142472557,5.240734451988449,2.3239825229723077,0.9292307844354664,0.41206363776292926,0.4434459605352715,0.5879363622370708,0.16445382324673638,6,224495,200349,27.370755390144673,9.43400915849449,10086560687.265404,[0.36241678 1.88159358 1.46400894],"[[ 0.04851806 -0.91194696 -0.40742944]
 [-0.19494884  0.39141875 -0.89932548]
 [ 0.97961265  0.12306142 -0.15879212]]"
object_115,4.002858589083086,3.351350415155835,1.5571871300946034,0.8372392730275069,0.3890187713204478,0.46464467668093595,0.6109812286795522,0.35235412403855765,6,274137,242977,26.522937177501966,6.121256113272124,12867235130.701464,[-1.52649752 -0.44089217  0.93286174],"[[-0.92518404  0.12240894  0.35923607]
 [ 0.1126081  -0.81538926  0.56785541]
 [-0.36242781 -0.56582365 -0.74060089]]"
object_117,1.3572628701715244,1.1305991632802286,1.0820206106204864,0.8329994049990839,0.7972078470574723,0.9570329129567013,0.20279215294252773,0.8399063996671476,6,229387,202575,8.258310315034134,2.039078676229001,10786150119.577856,[-0.07047929 -0.21197284  0.0201513 ],"[[-0.64701329 -0.45428243 -0.61237347]
 [-0.7570398   0.47849562  0.44489625]
 [-0.09090947 -0.75144488  0.65350291]]"
object_119,4.001633140986171,3.3707717501015027,1.7487983749863443,0.84234901884854,0.43702116445271305,0.5188124573945665,0.5629788355472869,0.3590156268183148,6,268785,238223,21.154265572836234,6.485309984652774,12489472503.576698,[ 0.48736136 -0.25040788 -0.35345729],"[[-0.59661005 -0.17598091  0.78299883]
 [-0.61953947  0.72116936 -0.30997676]
 [-0.51012478 -0.67003393 -0.53928401]]"
object_122,5.011316525444172,3.697818776683944,2.1784487784768753,0.7378936768230167,0.4347058836567485,0.5891172364131974,0.5652941163432514,0.5616468877302311,30,147857,132255,22.665071968009467,9.406888009858422,6547775584.488341,[1.48943629 0.91319576 1.98134308],"[[ 0.80443882 -0.56408004 -0.18625761]
 [-0.55303005 -0.59667089 -0.58149946]
 [-0.21687774 -0.57078679  0.79193843]]"
object_124,6.876805553434942,2.823698697650537,1.4847158147980037,0.41061197320609255,0.21590196251170618,0.5258053261962276,0.7840980374882938,0.872047112828136,8,172598,152972,23.71670258573462,9.448898557256246,8002227313.3015785,[-0.89847275  1.93176208 -4.16735484],"[[-0.24987235 -0.43043253  0.86734748]
 [ 0.74368407  0.48832757  0.45658536]
 [ 0.62007888 -0.75912056 -0.19808626]]"
object_126,1.9199441557342385,1.885984993080095,1.026940968896966,0.9823124216645995,0.5348806452676411,0.5445117393112541,0.4651193547323589,0.04911356473841052,6,242511,215204,8.796664452536456,3.3792049912902042,11512356665.694574,[ 0.08508834 -0.5490707  -0.3583426 ],"[[ 0.64120475  0.57749434  0.50532836]
 [-0.76267668  0.40687673  0.50276794]
 [ 0.08473929 -0.70777935  0.70133276]]"
object_127,3.849546353573444,3.2775631142030037,1.368100155470601,0.8514154170816824,0.35539256572417305,0.4174138247840509,0.644607434275827,0.31485980071011505,15,232610,207148,13.479457829367933,6.587696167755075,10987446985.797667,[-0.86573994 -0.73873558  2.43903143],"[[-0.22631115  0.30650188  0.9245755 ]
 [-0.02078582 -0.95050599  0.31001017]
 [-0.97383326 -0.0509407  -0.221481  ]]"
object_129,7.269327259665918,2.7037130049170726,1.37777857491006,0.3719344181845693,0.18953316114335725,0.5095875828552737,0.8104668388566427,0.893771583547441,13,144048,128280,32.97710011904889,11.487643745579927,6550115444.739964,[ 2.03560114 -1.68161458  3.4374737 ],"[[ 0.39860744  0.65478845 -0.64215589]
 [-0.20061706 -0.62097587 -0.75772143]
 [-0.89491056  0.43086083 -0.11616387]]"
object_130,2.629073445326229,2.46938017334459,0.991522764501252,0.9392587254397438,0.3771377198548436,0.4015269804156194,0.6228622801451564,0.1373252030256535,14,205972,183509,10.776599938419647,4.701453192478976,9840330058.245731,[ 0.78129246 -1.11380772  0.99372557],"[[-0.15341137  0.77410031 -0.61419351]
 [-0.95392146 -0.27821581 -0.11238242]
 [ 0.25787362 -0.56865163 -0.78111236]]"
object_132,2.3976146614734186,2.309631757563849,1.2505060312381664,0.9633039848632302,0.5215625560404633,0.5414309130201664,0.4784374439595367,0.09896724496201248,8,188813,167369,9.991343529928686,4.1373586942385305,8799277904.10628,[-0.90816891  0.97379535  0.2585136 ],"[[ 0.05124955  0.59618305 -0.80121112]
 [-0.67512463 -0.57049894 -0.467694  ]
 [-0.73592134  0.56488647  0.37326005]]"
object_133,1.3285608961097573,1.272348115263754,0.8210882611123259,0.9576889693121305,0.6180283218605983,0.6453330273862329,0.3819716781394017,0.134023210345831,7,188304,166486,7.20380398891712,2.2485575229088623,8884187397.033693,[ 0.23154445 -0.13618457  0.17363895],"[[ 0.9699533  -0.09255926  0.22499638]
 [-0.24239632 -0.28841269  0.92631644]
 [ 0.02084736  0.95302199  0.30218286]]"
object_134,2.4095673758005884,2.270227233928162,0.9459099593515216,0.9421721329431055,0.3925642291024293,0.4166587138128982,0.6074357708975707,0.13277285498001448,6,195038,173144,9.78872903377879,4.031691041546915,9166683595.12341,[ 0.09130499 -0.09854167 -0.11061355],"[[ 0.19080772  0.96197398 -0.19544431]
 [ 0.16955924  0.1638107   0.97181054]
 [-0.96687232  0.21856834  0.13185523]]"
object_135,4.538594808672383,4.416007591586932,1.8883409392506492,0.9729900503893385,0.416062904677543,0.4276127022173114,0.583937095322457,0.06444660705026356,6,203319,181444,23.909207936555415,8.024027136585964,9131926870.553707,[-1.19606849 -0.290965   -0.12007196],"[[-0.68007417  0.41373122 -0.60524838]
 [-0.04191157 -0.84614224 -0.53130663]
 [-0.73194436 -0.335961    0.59277961]]"
object_136,1.9886694378281156,1.9372101241491875,1.0722789932901196,0.9741237469133491,0.5391941832530935,0.5535171326657499,0.46080581674690646,0.07202187058498935,7,168622,148986,9.12805727320432,3.6155975664875357,8123939656.830388,[0.12945008 0.54511409 0.008574  ],"[[ 0.46495822  0.41748696  0.78071665]
 [-0.40338272  0.88488148 -0.2329531 ]
 [-0.78809659 -0.20661415  0.57983995]]"
object_138,2.9773971275389854,2.4402569878294416,1.6999530607654794,0.8195940559150315,0.5709527442751993,0.6966287031422673,0.42904725572480074,0.4870315574581514,30,156666,139524,12.770267895885906,5.270956743262465,7276286970.440289,[-0.1871863  -0.50803014 -0.63642986],"[[ 0.67055153  0.71710714 -0.19004736]
 [-0.74184654  0.64986539 -0.16534416]
 [ 0.00493572  0.25185775  0.96775168]]"
object_139,1.630534200194269,1.549132809497294,0.9200451563994881,0.9500768578253209,0.5642599562093636,0.5939097995723492,0.43574004379063636,0.14282927771675905,5,225380,199584,7.816493279502565,2.9691088304166837,10690249265.706474,[-0.1851375  -0.09041964 -0.12813691],"[[-0.06128849  0.90250545 -0.42629525]
 [ 0.85546058  0.26753635  0.44340896]
 [ 0.51422848 -0.33750292 -0.78845473]]"
object_140,3.3843798124041866,3.1447694657495755,1.706354182407459,0.9292011062776085,0.5041851910809336,0.5426007219262856,0.4958148089190664,0.1831399836887423,7,212460,188906,12.895127345665545,5.85162690118809,9715701107.822044,[ 1.68414264  2.544747   -1.34686791],"[[ 0.36149949 -0.45780853 -0.81223732]
 [-0.82761756 -0.55874511 -0.05341425]
 [ 0.42938013 -0.69153109  0.58087645]]"
object_142,2.665573856069056,2.604704143827771,1.0691085507550786,0.9771644998307981,0.4010800707400777,0.41045296959675376,0.5989199292599223,0.05380487320479686,6,264512,234356,11.172241431506418,4.774874282951543,12802653911.494429,[-1.13680448  1.71068314  1.1993204 ],"[[ 0.52295719 -0.84680023 -0.09718614]
 [-0.05233228 -0.1457037   0.9879432 ]
 [ 0.85075091  0.51156603  0.12051179]]"
object_144,2.560234413631437,2.4788204582066844,1.2663654280024257,0.9682005854654242,0.49462870323901814,0.5108742038213547,0.5053712967609818,0.08285993543918614,6,210363,186265,10.524839487417362,4.681705092032855,10026431671.873024,[-1.29302454 -0.34744386 -1.63551872],"[[-0.4552787  -0.82125045  0.34390261]
 [ 0.41675188 -0.53789636 -0.73279286]
 [ 0.78679043 -0.19030292  0.58715042]]"
object_145,3.4043429363485203,2.86977144293607,2.3240802630135935,0.8429736652836073,0.6826810067220752,0.8098485573596137,0.3173189932779248,0.5419931062386979,6,142833,126640,14.865304846668694,5.703950206491173,6604682145.743837,[0.10273679 0.77950594 0.23600848],"[[-0.90617069  0.04588752  0.42041529]
 [-0.41328494 -0.30698753 -0.85729471]
 [ 0.08972312 -0.95060664  0.29714772]]"
object_146,3.87789341800292,3.7761689371297136,1.493246515183324,0.9737681081174238,0.38506641473203057,0.39543954204505183,0.6149335852679694,0.060789270176899154,7,152726,136084,15.575366217534837,6.72753123655079,6851302397.708683,[-1.53474635 -1.24690383  1.34380119],"[[ 0.44684569  0.84024719  0.30710519]
 [ 0.80859377 -0.23246413 -0.54049657]
 [ 0.38275978 -0.4898419   0.78329424]]"
object_147,5.2450799185700685,4.755616186863948,1.912044407350552,0.9066813586627752,0.364540566976112,0.40206028666317456,0.6354594330238881,0.20519758500991825,7,126858,113673,17.406382015431472,8.756747295896947,5562881941.942858,[-1.97860221  6.127522    3.48602063],"[[-0.67749794 -0.53688803 -0.50274027]
 [ 0.66022085 -0.74517474 -0.09393095]
 [ 0.32419895  0.39555763 -0.85931903]]"
object_148,3.867906356716673,3.7795561992577973,1.5771570355113944,0.9771581446625628,0.4077547101864654,0.4172863035668329,0.5922452898135346,0.05416817206177833,6,177028,157505,18.28946921791108,6.495168496966031,8100891955.4686985,[-0.88731186 -0.53525952 -0.60110908],"[[-0.89055534 -0.2944664   0.34669976]
 [ 0.23105431 -0.94937463 -0.212842  ]
 [-0.39182277  0.10944111 -0.91350838]]"
object_149,3.7598834928996383,3.538915407343282,1.4559672976830185,0.9412300710983083,0.3872373440380649,0.41141624766217155,0.612762655961935,0.13421130964812011,6,232930,206888,14.93746593584737,6.766856850709056,10791974604.64191,[-0.34273452 -0.00356357 -1.43387493],"[[ 0.32195569  0.9129917   0.25058071]
 [-0.37649261 -0.11938056  0.91869559]
 [-0.86867591  0.39012107 -0.30529938]]"
object_151,2.229401166574704,2.1969929225142426,1.2348973921435973,0.9854632515016335,0.5539143921956935,0.5620852846127418,0.4460856078043065,0.041637421715110055,7,207822,184000,10.781399852189528,3.8030845899977996,10015580564.732683,[-1.26874612 -1.9842297  -0.53516359],"[[-0.9242523   0.05402444  0.37794052]
 [ 0.01446724 -0.98427036  0.17607542]
 [ 0.38150803  0.16820587  0.90893257]]"
object_152,2.458067230030881,2.309973982138291,1.1438958330644602,0.9397521572708452,0.4653639327229017,0.4951985788193084,0.5346360672770982,0.14917085981080677,6,233769,207429,9.977940796453508,4.5363990803944905,11255420120.320854,[-1.45897521  0.20125852 -0.22160946],"[[-0.96677882 -0.2509134   0.04879741]
 [ 0.14734994 -0.7030462  -0.69571117]
 [-0.20887009  0.66540852 -0.71666225]]"
object_154,9.855763355192428,3.7373715135199554,2.351034630166205,0.3792067015845051,0.23854414370933344,0.6290609915715706,0.7614558562906666,0.9078626668807497,6,109680,97629,26.88701575496917,13.430035991790321,4836161797.706661,[ 4.85090002 -5.02175535  7.1978399 ],"[[ 0.46890258 -0.4121513  -0.78119247]
 [-0.26279004  0.77929874 -0.56888915]
 [-0.84325071 -0.47204319 -0.25710593]]"
object_155,8.014673217402516,5.976260797531181,3.400164731236419,0.7456649367256465,0.42424246616237987,0.5689451726472583,0.5757575338376202,0.5414315582307349,6,192174,172080,48.41793426339188,12.517297770849261,8324139438.104668,[-0.35270547  1.7734033  -1.3995068 ],"[[-0.27927863  0.80496122 -0.52348914]
 [-0.6031761  -0.57126263 -0.55663058]
 [ 0.74711581 -0.16030112 -0.64507482]]"
object_156,3.135530988582697,3.076862325604,1.2363242854422163,0.9812890820749897,0.3942950300743326,0.40181332624283767,0.6057049699256674,0.043896219981966925,7,226091,200988,11.750147799568058,5.636705733504097,10719448874.333288,[-0.11570175 -0.06808148 -0.38527799],"[[ 0.82968674 -0.48348616 -0.27903593]
 [-0.33277452 -0.82970651  0.44816094]
 [-0.44819754 -0.27897714 -0.84928836]]"
object_158,3.7630294166436196,3.1398902610703576,2.002323413494529,0.834404920456598,0.5321041086307725,0.6377049027222871,0.4678958913692275,0.423745526033504,5,221626,197123,21.12626332001284,6.550720033563151,10148086128.60499,[ 0.64484258  1.29401031 -0.19678437],"[[-0.54993684 -0.80428909 -0.22514112]
 [ 0.09218735  0.20946314 -0.97346119]
 [ 0.83010298 -0.55609733 -0.04104622]]"
object_160,4.392540821978193,3.797060450178483,1.649303394721613,0.8644337307418503,0.37547821672351456,0.4343632176422386,0.6245217832764854,0.2942370027481519,9,112282,100331,15.862071948056983,7.340810805604413,5002204411.474306,[ 6.30674171 -0.38535376  1.7490342 ],"[[ 0.98897367 -0.11153864  0.09741769]
 [-0.01803914  0.56218949  0.82681169]
 [-0.14698865 -0.81945232  0.55397854]]"
object_161,4.723165937105168,4.229373247246266,1.91842542837035,0.8954530295072486,0.40617362462309636,0.45359567865508954,0.5938263753769036,0.23731546928881203,5,172048,153320,17.954522968378566,8.072468833176867,7739281284.612816,[0.50284089 1.38024533 0.5233286 ],"[[ 0.05715005  0.69442845 -0.71728864]
 [-0.83365417  0.42850687  0.34842874]
 [ 0.54932194  0.57805795  0.60340236]]"
object_163,12.172802618706605,7.07997780088843,2.4902301749276017,0.5816226568898969,0.20457328134941827,0.3517285286706853,0.7954267186505817,0.6906175881311172,7,80618,72092,38.37198220516224,16.168914636146436,3538056496.780374,[ 4.66394508 -2.15166005  7.10105905],"[[-0.40117921 -0.10622997  0.9098189 ]
 [-0.45478218  0.88528614 -0.09716795]
 [-0.79512792 -0.45275119 -0.40346989]]"
object_164,2.547409204210822,2.4414278912880354,0.9311690341702258,0.9583964316578579,0.3655357108041456,0.38140345553231336,0.6344642891958544,0.09404180277155623,5,183958,164192,10.122660008552106,4.752089825222155,8731314610.97151,[-0.50186848  0.36797294  0.96894304],"[[ 0.73737111 -0.08625105 -0.66995865]
 [-0.60366219 -0.52919613 -0.59627461]
 [-0.30311022  0.84410438 -0.44228044]]"
object_166,2.8755368810583835,2.8027676523663803,1.2512517043228952,0.9746936896649299,0.4351367261415036,0.4464343318885038,0.5648632738584964,0.0616441616480826,6,156430,139230,12.94658164378236,4.881170339859293,7148943405.688703,[1.38258506 0.56683732 0.90696591],"[[ 0.66202796  0.56386504  0.49373596]
 [-0.74889575  0.52367164  0.40610733]
 [ 0.0295658   0.63861117 -0.7689614 ]]"
object_167,2.905320056136582,2.8399215201861563,1.3505413322195345,0.9774900752114067,0.46485113726693805,0.47555586399831457,0.535148862733062,0.05678325146275011,6,164861,146409,11.371836281056547,5.359122047281089,7693545776.03535,[ 0.2055346  -0.15561499  0.35176001],"[[-0.23849819  0.97113286  0.00442558]
 [-0.20564436 -0.0549564   0.97708249]
 [-0.94912012 -0.23212231 -0.212815  ]]"
object_169,3.485551290434816,2.7648868779376263,1.7867727441682897,0.7932423446256939,0.5126227088012218,0.646237196330098,0.48737729119877815,0.5029266832928262,30,142397,126694,16.325026178762855,5.760371916838659,6458811214.245153,[ 2.2475905   1.35553013 -0.53410564],"[[ 0.31437042  0.63625927 -0.70451784]
 [ 0.75926127 -0.61399633 -0.21571004]
 [-0.56981888 -0.46710025 -0.67610931]]"
object_170,4.556734714347265,4.095055933929486,1.6450650966364875,0.8986821025669666,0.361018404573095,0.40171981120119526,0.638981595426905,0.2212004865419551,5,174638,155627,17.107289397178608,8.328327489571738,7973921833.111778,[ 3.44156025  0.25066632 -0.2774363 ],"[[ 0.9831621  -0.17756494  0.0431623 ]
 [ 0.10321146  0.34467284 -0.93303163]
 [-0.15079683 -0.92177618 -0.35719601]]"
object_171,2.2848351997117584,2.2358012526813327,1.3204224583176736,0.9785393944225773,0.5779070886531555,0.5905813214542789,0.42209291134684446,0.06375249542541708,5,235208,209144,12.905596253409753,4.830100292162305,10985466771.054443,[ 0.01377815 -0.33586406  0.08633297],"[[-0.35640775  0.91164453  0.20464059]
 [ 0.82727867  0.20611096  0.52261676]
 [ 0.43426204  0.35555946 -0.82764361]]"
object_172,3.169184034824214,2.9960708826889286,1.140480546678731,0.9453761125156975,0.35986567335525227,0.38065873316560755,0.6401343266447477,0.12207284212997686,6,199437,177520,11.85712426375761,5.74610880491472,9360258652.425224,[0.78466192 0.17481815 2.71694524],"[[ 0.94788404  0.30776553  0.08243925]
 [-0.12756424  0.12948208  0.98334214]
 [ 0.29196441 -0.94261061  0.16199388]]"
object_174,3.3586178025103837,3.2935193545087955,1.2185984654418935,0.9806174885534964,0.3628273703935761,0.3699988778792644,0.637172629606424,0.04420920441790615,6,176210,157044,12.092621135017728,6.165395021095275,8202791381.021301,[ 0.56435126 -2.66717471  2.25746725],"[[-0.95656178 -0.06130109  0.28501182]
 [ 0.2253595  -0.77567957  0.5895204 ]
 [ 0.1849396   0.62814281  0.75580021]]"
object_176,4.1804769312580135,2.8182940340422875,2.397648619541253,0.6741561023742308,0.5735347088303963,0.8507446670148532,0.42646529116960374,0.8129157244558682,5,119910,106887,22.216633339358065,6.772591830259437,5402668604.67795,[-1.02000117  1.28409167 -2.45305733],"[[-0.51072141  0.72253271 -0.46595078]
 [ 0.80351536  0.5939216   0.04025164]
 [-0.30582136  0.35384123  0.88389461]]"
object_177,5.377531932773462,5.14988966793464,2.0931084097344734,0.9576678915746734,0.3892321674517612,0.4064375248205877,0.6107678325482389,0.09766926758843968,5,118634,106034,20.905159434741236,9.217331274332462,5177606448.767453,[-0.0046785   2.24104154  0.17110999],"[[-0.1576263  -0.98247466 -0.09948615]
 [-0.8267591   0.07620378  0.55737095]
 [ 0.54002162 -0.1701074   0.82428158]]"
object_179,2.052441682438262,1.8920215935889457,0.9580469217513223,0.9218393924553607,0.4667839919393864,0.5063615156389513,0.5332160080606136,0.19205944818741438,6,120547,107373,8.089878060339768,3.68100908068295,5616632127.745172,[-0.1342812   0.37984691  0.47230363],"[[-0.29925169  0.56514805 -0.76880174]
 [-0.32688014 -0.81768953 -0.47384936]
 [ 0.89643617 -0.1095058  -0.42943064]]"
object_182,4.453731170180665,3.815600037677808,1.698898685467479,0.8567198809000024,0.3814551486273392,0.44525072562412404,0.6185448513726608,0.3113324117015079,23,123941,110791,15.323348373519728,7.904986575974898,5496327468.265327,[-0.86097704  7.36473302  6.94443169],"[[-0.57786639  0.81248567 -0.07705492]
 [-0.27293063 -0.28136563 -0.91996862]
 [-0.76914193 -0.5105883   0.38434397]]"
object_184,5.520145872619401,3.6599149621650935,2.250725984201919,0.6630105520070981,0.4077294397899511,0.6149667430716638,0.5922705602100489,0.6721589227248402,7,99285,88766,23.227015502196043,10.140201808191126,4326160513.148491,[-0.23373763  3.47473991  1.98496738],"[[ 0.05560584  0.87259731  0.48526481]
 [ 0.99844939 -0.04732676 -0.02930855]
 [ 0.00260855 -0.48614208  0.87387589]]"
object_185,2.7461252475969,2.5923562866446455,1.1151931647932078,0.9440051173606099,0.4060969781946761,0.4301851448963566,0.5939030218053238,0.13035116970373098,6,161511,143724,10.938088650034235,5.123391776117887,7615356401.789846,[0.63677248 0.86180701 2.539449  ],"[[-0.20074752 -0.52991479 -0.82394827]
 [ 0.02875151 -0.8438946   0.53573805]
 [-0.97922101  0.08385833  0.18464559]]"
object_186,3.0373820135847724,2.953723741491768,1.2348720030573799,0.9724571121713237,0.4065580152691962,0.41807295168156516,0.5934419847308038,0.06508503219531075,7,185128,164624,11.530673458335835,5.663734519897878,8727782292.2012,[ 1.58186263 -0.96445994  0.14936701],"[[ 0.1487342  -0.86109078 -0.48621066]
 [ 0.98464835  0.17438302 -0.00762782]
 [ 0.09135513 -0.47761201  0.87380834]]"
object_187,3.5815341182674367,3.510433522756635,2.048896240027303,0.9801480055297653,0.572072238423476,0.5836590343458116,0.427927761576524,0.0584330879698782,5,184867,164603,14.51428108230653,6.122604778893962,8427816659.828426,[ 2.81712198  2.50752257 -1.80509866],"[[-0.69816574 -0.64136848  0.31813688]
 [ 0.30911575 -0.67085764 -0.67409011]
 [ 0.64576471 -0.3722855   0.66662692]]"
object_188,2.8050203708939265,2.7262946446881724,1.7238711323633564,0.9719339912741293,0.6145663504803637,0.6323128484010682,0.3854336495196363,0.08893393423018117,6,171420,152384,12.532093786843278,5.012014352610486,7876536700.737059,[0.71366378 0.8501814  0.09060368],"[[ 0.65599831 -0.42706133 -0.62232214]
 [ 0.25697407 -0.64889095  0.71617377]
 [-0.70966932 -0.62972943 -0.31592768]]"
object_191,2.573635858768791,2.5287507181640696,0.9879340879105539,0.9825596381664521,0.3838670822620472,0.3906806949432392,0.6161329177379529,0.0405520636760389,5,204457,181480,9.696889682065867,4.627667306808021,9979617293.106142,[0.41747631 0.62856263 0.00104126],"[[ 0.41786973 -0.59703616  0.68478662]
 [-0.53606988  0.44651486  0.71641717]
 [ 0.73349436  0.66646253  0.13346806]]"
object_192,2.2308267128967545,2.215828632354024,1.2424851109807782,0.9932768957552712,0.5569617325262332,0.5607315894554546,0.44303826747376684,0.019427561817128777,5,156519,138921,9.807212000043078,3.9386118121807985,7158734655.200755,[ 0.10897831 -0.5041613  -0.42957005],"[[-0.04295873 -0.90100439 -0.4316777 ]
 [-0.93178625 -0.11975634  0.3426847 ]
 [ 0.36045656 -0.41695264  0.83439892]]"
object_193,4.013091402267643,3.3848436400404536,1.4065676461984005,0.8434504228156401,0.3504947944628431,0.4155487803216783,0.6495052055371568,0.32900902460528886,30,115049,103081,14.811781603557153,7.628968757471485,5105851307.202217,[ 1.01278206 -0.77900642 -0.35690123],"[[ 0.61356556 -0.78739909 -0.05949767]
 [-0.5198409  -0.34605957 -0.78103023]
 [ 0.59439276  0.51014257 -0.62165249]]"
object_194,3.0763748512372167,3.0205616424121393,1.0863161571826727,0.981857474617363,0.35311566688493506,0.3596404529308562,0.6468843331150649,0.041077934940468394,6,201396,179577,12.442170041299503,5.768160993466745,9477418474.393782,[ 0.34691985  0.42388349 -0.32837614],"[[-0.87321945  0.00868742  0.48724975]
 [ 0.09878745 -0.97592708  0.19444117]
 [ 0.47720942  0.21792397  0.8513403 ]]"
object_195,3.587438099275348,3.3094156414207436,1.833769501294532,0.9225011135632517,0.5111640815948708,0.5541067366525434,0.4888359184051292,0.20169137681808827,6,97562,86941,16.40362078991182,6.076652787318213,4334594686.027118,[-1.29799322  2.87322326  2.85115782],"[[ 0.1306202   0.93494422  0.32987523]
 [ 0.54784326 -0.34537956  0.76195848]
 [ 0.82632084  0.08119275 -0.55731643]]"
object_196,4.698711956583864,3.2921076432092615,2.0199246154816417,0.7006404464943504,0.4298890066353846,0.6135657865404877,0.5701109933646153,0.6245164515436634,4,79172,70820,21.703895552784935,7.9063599380763225,3482722481.952487,[ 2.53782281 -0.09907206 -2.76965658],"[[ 0.7094265  -0.10242718 -0.69729672]
 [ 0.05147346 -0.97921057  0.19620688]
 [-0.70289724 -0.17508664 -0.68940564]]"
object_197,2.3613119546472143,2.142988077428403,1.2294345991480693,0.9075412815366747,0.5206574238225757,0.5737010915260887,0.47934257617742426,0.2419604718818917,5,110366,98396,10.197447274845876,4.181582241465163,4918438485.999063,[ 0.55208439  0.63181463 -1.72450256],"[[ 0.52891709  0.4833847  -0.69755712]
 [ 0.02683682  0.81200066  0.58303921]
 [-0.84824908  0.32709962 -0.41650852]]"
object_198,2.823819774089326,2.7553956409199443,1.4344969759334818,0.9757689446765603,0.5079987714145472,0.5206137930357421,0.4920012285854528,0.06452697545280923,16,115869,103239,13.404466668181353,4.765879373154424,5272345492.362967,[ 0.37570062  0.18975546 -1.37277045],"[[ 0.05655285  0.00796824 -0.99836781]
 [-0.96099543  0.2715802  -0.05226832]
 [ 0.27072045  0.96238282  0.02301608]]"
object_199,5.748005516555926,2.875745733297417,1.5730251793386143,0.5003032312711658,0.273664521512348,0.5469973096456398,0.726335478487652,0.8103885123203672,7,136781,121772,19.22913660584934,9.168019020365637,6279238611.064313,[-1.06658783 -3.77552214 -0.9338787 ],"[[ 0.3774952  -0.88524779  0.2717236 ]
 [-0.24378406 -0.37808875 -0.89309475]
 [ 0.89334579  0.2708971  -0.35853599]]"
object_200,2.0430354220140305,1.9338062384894186,1.243993094918245,0.9465358346959382,0.6088945309092648,0.6432873522478565,0.3911054690907352,0.16538789882839464,7,240011,213201,11.20774745745043,3.805814256861573,11540586770.020647,[-0.04904231  0.24250851  0.46469576],"[[ 0.14387613  0.22679375 -0.96325711]
 [ 0.86674884 -0.49859883  0.01206882]
 [ 0.47754173  0.83663839  0.26830969]]"
object_201,2.4639500295929104,2.398794718373413,1.0059802111720455,0.9735565614411984,0.40827946958739736,0.41936902873214005,0.5917205304126026,0.06262705928794568,6,186886,166104,9.444356610955914,4.4278888343373515,8963290427.130693,[ 1.22281977  1.40623107 -0.04324637],"[[ 0.69964681  0.67567168 -0.23229749]
 [ 0.07704646  0.25188107  0.96468636]
 [-0.7103226   0.69283743 -0.12416968]]"
object_202,3.6180028872718735,3.5384636685891513,1.3420112995362958,0.9780157116616626,0.37092598910229974,0.3792638345984148,0.6290740108977002,0.05042273461504168,10,150399,134256,13.257027493064976,6.370219644777424,6842202794.270076,[ 2.25150994 -0.34458015  3.89035986],"[[ 0.66020365 -0.35708217  0.66077489]
 [-0.71744868 -0.03948367  0.6954915 ]
 [-0.2222578  -0.9332381  -0.2822554 ]]"
object_203,3.0778498720579917,2.370940541019615,1.5636271667123667,0.7703236478634012,0.508025807531299,0.6594965751608154,0.491974192468701,0.5480470659856314,6,139779,124284,17.01703662111202,5.2414632729875255,6399997948.44437,[0.12122909 0.19556155 0.68361242],"[[-0.88158638  0.36803162 -0.29556419]
 [ 0.44638585  0.85358434 -0.2685767 ]
 [ 0.15344424 -0.36870923 -0.91679243]]"
object_204,2.846811741292068,2.6477015148280616,1.7967044378480495,0.9300585200011725,0.631128645349969,0.6785902518791758,0.36887135465003096,0.2243583047191897,6,104040,92711,11.638115864316802,4.979980276248253,4678136987.669385,[ 1.53588802  1.94206934 -1.54078353],"[[-0.49836411  0.61505842  0.61101256]
 [-0.22269632  0.59030446 -0.77585243]
 [ 0.83787801  0.52272726  0.15721531]]"
object_205,2.896561424672057,2.4128568995253503,2.110280097408121,0.8330073303377399,0.7285466413497663,0.8745981155464498,0.2714533586502337,0.6523569406666758,5,151541,134969,14.078085224051383,5.498600770666798,6941977370.7947645,[-0.73246914  0.98881243  0.25070162],"[[ 0.8070367   0.07954971  0.58511846]
 [ 0.38912991 -0.81694681 -0.42564754]
 [-0.44415052 -0.57120028  0.69026122]]"
object_207,16.351181263695317,6.263744621972572,3.250242348094211,0.38307596992273724,0.1987772195584887,0.5188976473741753,0.8012227804415113,0.8883537759148828,25,127603,114273,51.257613436485755,25.128398964486088,5700215454.93986,[-5.01734488  9.22592848 -2.40950748],"[[ 0.311001   -0.87177328 -0.37853629]
 [ 0.48462502 -0.19715557  0.85221375]
 [-0.81756771 -0.44848749  0.36116756]]"
object_208,4.8977895440004025,3.668230349461613,2.6427532727564294,0.7489563029418137,0.5395808147766776,0.7204436529304401,0.46041918522332237,0.619401679233395,30,73232,65463,14.258713436035613,7.795877269855589,3202826346.8865585,[-2.01272526  1.90242319 -0.73358732],"[[ 0.2239359  -0.95065975  0.2147062 ]
 [ 0.82335419  0.06665923 -0.56359953]
 [-0.52147924 -0.30298942 -0.79765708]]"
object_209,5.159683565618228,4.905452327753712,1.6143552676498876,0.9507273586390845,0.3128787351238384,0.32909406916795536,0.6871212648761615,0.10654778257805095,11,48090,43164,18.137267556503744,9.48162523792983,2032498846.2585397,[ 2.7680029  -3.08940179 -2.30141692],"[[-0.65843909  0.43170622 -0.61651253]
 [ 0.04031725 -0.79773228 -0.60166247]
 [-0.75155338 -0.42101418  0.50785291]]"
object_210,1.8594147224439919,1.742140389232661,1.261153497334072,0.9369294370987947,0.6782529373954979,0.7239103720507603,0.32174706260450214,0.22623953521817697,6,111402,98679,8.723224474381784,3.1327169001515665,5118028917.18848,[-1.16059068  0.57951482  0.1196363 ],"[[-0.9415464   0.23797589 -0.23844885]
 [ 0.01650115 -0.67438039 -0.7381997 ]
 [-0.33647896 -0.69898395  0.63103356]]"
object_211,2.9221269790340956,2.9049114719115776,1.4000473908020439,0.9941085698034215,0.47911928565979955,0.48195871176781246,0.5208807143402004,0.015248532813906661,6,136181,121038,11.02823372831505,5.033024276901404,6197096915.019796,[-1.17712605  2.43819616  1.12236291],"[[ 0.34057695  0.89081417  0.30076146]
 [ 0.9289112  -0.26934452 -0.25412108]
 [-0.1453662   0.36592847 -0.91921979]]"
object_212,2.6650255633100683,2.4009548588860237,1.6227852862301761,0.900912506033879,0.6089192196020108,0.6758916271266772,0.3910807803979892,0.2993506874755579,6,142602,126999,12.08687644488837,4.984067929495062,6562942670.812687,[ 0.6105023  -0.5652131   1.69596737],"[[-0.79988849 -0.42566383 -0.42307057]
 [ 0.21521316  0.45461305 -0.86429756]
 [ 0.56023361 -0.78239202 -0.27203129]]"
object_213,2.4940628917726912,2.4573178243513008,1.2532040606060493,0.9852669844282582,0.5024749234432161,0.5099885933301601,0.4975250765567839,0.03912806403685142,6,180417,160635,10.362168520261323,4.453311516425585,8317280925.689529,[ 1.20862592  1.50417144 -0.78276422],"[[-0.43534702  0.40020912  0.8064153 ]
 [-0.72570932 -0.68608733 -0.05128498]
 [ 0.5327466  -0.60754986  0.58912157]]"
object_214,2.8265928535972558,2.723534561025956,1.4947225469582959,0.9635397462920268,0.528807162678573,0.548817176160685,0.471192837321427,0.09938205992820053,5,149917,133471,12.665954877283657,4.835609067417928,6968854129.849197,[-1.25971257 -0.65730431 -0.31701796],"[[ 0.32738376  0.9448365  -0.01019117]
 [-0.94062185  0.32690964  0.09143646]
 [ 0.08972409 -0.02034878  0.99575876]]"
object_215,1.7941876227834677,1.3740878082276768,0.8891126334483337,0.765855137321672,0.4955516480873844,0.6470566350451266,0.5044483519126156,0.5480517683518173,30,122312,108552,7.72720674946351,2.969798626057088,5742684051.506486,[-0.06803868 -0.39200582 -0.59038261],"[[ 0.3883818  -0.84089354 -0.37690534]
 [ 0.23736632 -0.30391999  0.92265371]
 [ 0.89040261  0.44780654 -0.08156281]]"
object_216,4.10609774470299,3.5012128522155295,1.777969469605975,0.8526861925613477,0.4330070982600494,0.5078153041969142,0.5669929017399506,0.3359072331146612,24,51528,46187,14.086606590959446,7.08326014180607,2233201210.54231,[ 0.64640072  0.33827888 -0.70998584],"[[ 0.76711058 -0.10969217  0.63206723]
 [-0.64099028 -0.09122245  0.76210886]
 [ 0.02593866  0.98977073  0.14028932]]"
object_217,3.0364003182556187,2.7930341569995196,1.3919887255993268,0.9198504361256586,0.45843386236996914,0.4983786976292128,0.5415661376300309,0.1948185557463006,7,127152,113330,12.712089517953508,5.042035725421776,5873300390.307319,[ 2.81993457 -0.93304208  1.24652915],"[[-0.47499115 -0.15791188  0.86570621]
 [-0.65387965 -0.59503455 -0.46730642]
 [-0.58891834  0.78803409 -0.17938078]]"
object_218,1.72009123064622,1.6931380495850288,1.0610219930189093,0.9843303770282782,0.6168405338711568,0.6266600607546179,0.3831594661288432,0.05019099207328334,6,120404,106482,7.518774191148187,3.1439173018585533,5776001561.283192,[ 0.39490876  0.77340276 -1.02488839],"[[ 0.66584989 -0.65848721  0.35076847]
 [ 0.12577769  0.56248773  0.81718267]
 [ 0.7354073   0.50000214 -0.4573554 ]]"
object_219,2.8585254574524885,2.795021020438242,1.1506071329783851,0.9777841974964108,0.40251771415175835,0.4116631411945435,0.5974822858482416,0.05243333955237867,6,143546,128273,10.816160868679026,5.2104481252632056,6614856039.326254,[0.35028472 0.3224497  0.05284274],"[[-0.77764754  0.51733387  0.35725336]
 [-0.32149213 -0.81554484  0.48117505]
 [-0.54028428 -0.25933045 -0.80052521]]"
object_220,2.96914717270389,2.8485963703192008,1.3635674087737328,0.9593988457382838,0.4592454767178091,0.4786804557435203,0.5407545232821909,0.10081675430020738,6,106140,94601,11.099176671241352,5.273589641101828,4806825669.262842,[0.57345428 1.80307061 1.1605817 ],"[[-0.75656926  0.62828492 -0.18127605]
 [-0.6015552  -0.560022    0.5696549 ]
 [ 0.25638701  0.54003094  0.80164349]]"
object_221,2.589158844904725,2.4845287344091163,1.151620071786124,0.9595891496956576,0.4447854074509287,0.46351650348693124,0.5552145925490712,0.09871855648244487,6,132051,117145,10.073618688932164,4.779228669748152,6212101017.231831,[ 2.99781057 -1.22119291 -1.33142142],"[[-0.88598439 -0.31697448  0.33846541]
 [ 0.4534237  -0.7450984   0.48911688]
 [-0.09715247 -0.58681816 -0.8038693 ]]"
object_222,2.295693039006568,2.2379030998515517,1.2230377719033705,0.9748268003722204,0.5327531822079421,0.5465106027086245,0.4672468177920579,0.06941428483048356,5,126665,112621,9.684693590992916,4.117966564582695,5921592204.096475,[ 1.61397244 -1.40133526 -0.5230273 ],"[[ 0.81216349 -0.5794918  -0.06767358]
 [-0.41030886 -0.48485321 -0.77237556]
 [ 0.41477355  0.6550623  -0.6315507 ]]"
object_224,3.2399312619861083,3.043191165987756,1.1224247637377225,0.939276459872254,0.3464347459796618,0.3688315003942274,0.6535652540203383,0.13382046741315293,6,129576,115559,12.328485976551544,6.030492574027208,5957461076.530304,[-0.44849065 -0.35288851  1.42638312],"[[ 0.75995494  0.32695345  0.56175611]
 [-0.6403049   0.22805304  0.73348582]
 [-0.11170553  0.91711136 -0.38265993]]"
object_225,2.949952383030201,2.835733583661919,1.3674087861595319,0.9612811379514689,0.4635358841809253,0.4822063659427876,0.5364641158190747,0.09672046682300536,7,158260,140820,11.905919281610203,5.282073237623015,7285380752.300515,[-2.38601079 -1.09958869  0.12090157],"[[-0.96909904  0.01834918  0.24598853]
 [ 0.15103126 -0.74431578  0.65052561]
 [ 0.19502975  0.6675757   0.71854441]]"
object_226,4.524181773849978,4.0023924613172035,1.6164864095004399,0.8846665897580097,0.3572991737077898,0.4038800355346581,0.6427008262922103,0.24917543345834947,6,69284,62090,15.933412819996063,8.018722049045898,2984773469.8170433,[-1.20902072 -4.17779689 -0.02761455],"[[-0.26629943  0.83703293  0.4779754 ]
 [ 0.31792124 -0.39185783  0.86335018]
 [-0.90995093 -0.38186819  0.16175903]]"
object_228,2.1731404231948357,1.5762205992296328,1.3699986258908068,0.7253192579761398,0.6304234237549673,0.8691668073367297,0.3695765762450327,0.7864893351581502,5,127351,112786,11.108411928090812,3.8828239430768563,5930256747.747077,[ 0.55636662 -0.28598013 -0.99617503],"[[-0.17355806  0.97437972 -0.14304461]
 [ 0.81894989  0.06212099 -0.57049282]
 [ 0.54699056  0.21615999  0.80874977]]"
object_229,4.163138937903925,3.52569436532099,1.6156838727701754,0.8468836658850789,0.388092710060656,0.45825976541306884,0.6119072899393441,0.3329330907384987,30,89873,80207,18.44674065455403,6.8833927255835,3987407234.237545,[-0.94090089 -1.37764596  0.68551619],"[[ 0.32984266  0.51182717 -0.79324446]
 [-0.46585033  0.81908351  0.33479198]
 [ 0.82108909  0.25910452  0.50860354]]"
object_230,2.862040415526823,2.6846144075235867,1.305897063918586,0.938007161939194,0.45628183894049107,0.48643747878981486,0.543718161059509,0.15173215421774935,6,128933,114796,11.642419616286357,5.1452310311536085,5912682646.466829,[ 0.51119318 -0.84727256 -3.41075988],"[[ 0.05630359 -0.03556168  0.99778017]
 [ 0.63149586 -0.7728011  -0.06317784]
 [ 0.77333233  0.63365119 -0.02105442]]"
object_232,2.9089047380641166,2.795525664757738,1.6490117659563404,0.9610234491962659,0.5668840730252864,0.5898753807718109,0.43311592697471357,0.1126276883332231,6,113305,100894,11.31178605603803,5.224771032358112,5146145543.975409,[1.00592269 0.93380191 0.40535155],"[[-0.67636359 -0.56285395 -0.47510812]
 [-0.0890512  -0.57781104  0.8112979 ]
 [ 0.73116494 -0.59104131 -0.34068753]]"
object_233,2.898859864357193,2.7449989775577732,1.1115201033215139,0.9469236548164299,0.38343354123052364,0.4049255072256653,0.6165664587694764,0.12114674093462034,7,192201,170534,10.48398071521764,5.299095447505036,9270937288.61129,[ 0.3126069   0.57333445 -0.99592652],"[[ 0.80706545  0.19560724  0.55712042]
 [ 0.38064539 -0.89366224 -0.23764869]
 [ 0.45139167  0.40386336 -0.79570091]]"
object_234,2.9149877207125754,2.818570450790843,1.3486041561871518,0.9669236102654447,0.4626448840949088,0.4784709765933849,0.5373551159050912,0.08277616649100832,6,129274,114990,11.757524174214117,5.195169551721233,5919907899.925931,[ 0.62415574 -0.86048729  0.89861946],"[[-0.20584033  0.68675393  0.69713614]
 [ 0.8063806  -0.28457136  0.51842981]
 [ 0.55441869  0.66887083 -0.49520878]]"
object_235,3.7608159991287406,3.5528422157150525,1.4192471939878624,0.9446998248619797,0.37737746125220056,0.399468118147831,0.6226225387477995,0.12540107853605623,7,173825,155177,13.93933632210501,6.735488882297296,7840589028.361124,[-0.52021562  0.72539537 -2.40036428],"[[-0.53113807 -0.6547745   0.5377385 ]
 [ 0.08043046  0.59283079  0.80130056]
 [ 0.84345912 -0.46885179  0.26221119]]"
object_236,2.643143107966858,2.5942836941698064,1.2973859636621181,0.9815146544090703,0.49084968564569526,0.5000940978728593,0.5091503143543048,0.048255296506154594,5,136703,121454,9.9567501591351,4.593293104157618,6331331768.524761,[-0.04589786 -0.78298675  0.07991798],"[[ 0.81597566  0.3749863   0.43996477]
 [-0.12707306 -0.62610774  0.76931238]
 [-0.56394695  0.68364784  0.46323802]]"
object_238,3.484628248473396,3.2637287739087633,1.4888257467325574,0.9366074488257369,0.4272552595487932,0.45617324534890324,0.5727447404512068,0.15018171728072977,6,101231,90298,12.22569265351242,6.402624774617059,4519617901.330824,[-1.54207715 -1.94710034 -0.81293256],"[[-0.15232005  0.15893837  0.97546768]
 [-0.46163852  0.86126051 -0.21241518]
 [ 0.87389272  0.48266855  0.05781517]]"
object_240,4.422662361194815,3.955903794359285,1.60418657948203,0.8944620844378833,0.3627196580859153,0.40551708607510534,0.6372803419140847,0.23022760046699073,6,73375,65717,15.935083618657732,8.28510757295203,3159746503.712389,[3.46820768 0.23223786 3.60329893],"[[ 0.34459746 -0.25860497  0.90242787]
 [-0.79480733 -0.59190982  0.1338808 ]
 [ 0.49953367 -0.76339127 -0.40951175]]"
object_241,4.082460981494471,3.6336448747172407,1.5228201166311806,0.8900623646345466,0.3730152286902495,0.4190888678271516,0.6269847713097505,0.24137382867974577,5,81189,72628,14.59066004027561,7.489814686182716,3568220159.8220725,[1.87727052 2.18605105 1.39264572],"[[ 0.01665108  0.71650251 -0.69738576]
 [-0.97702742  0.15986885  0.14092326]
 [ 0.21246213  0.67901849  0.70270459]]"
object_243,3.848750591233201,3.521513162742512,1.3828339976957211,0.9149756730830831,0.35929426054407937,0.3926817631483128,0.6407057394559206,0.18695382982781303,6,109635,97889,13.699444213331505,7.239136721986202,4918135629.026336,[ 1.96374684  0.48626293 -2.05220528],"[[-0.71862595  0.30154603 -0.6266153 ]
 [ 0.03231391  0.91459727  0.40307276]
 [ 0.69464563  0.26941016 -0.66699746]]"
object_244,2.198488174429831,2.1259056622501236,1.2536599283981162,0.9669852614974692,0.5702372853214223,0.5897062840837464,0.42976271467857774,0.09623098867445017,6,119835,106331,9.147766950837262,4.180443388954766,5674590986.752986,[-0.15531812  0.7893888   0.98327015],"[[-0.25361494 -0.41686781  0.87286923]
 [ 0.3857486  -0.87110091 -0.3039428 ]
 [ 0.88706115  0.25962365  0.38173038]]"
object_245,4.185187278663246,3.8454272453175267,1.3357948964719246,0.9188184397200406,0.3191720722468073,0.347372297343159,0.6808279277531927,0.17344127867137127,14,74256,66480,14.753690265282797,7.937828672191697,3253434378.656871,[-3.10875219 -1.28749513  1.74669618],"[[-0.58635301 -0.1323595   0.79916901]
 [ 0.77638527  0.18965304  0.60104711]
 [-0.23111913  0.97288884 -0.00844167]]"
