Simulation,a,b,c,b/a,c/a,c/b,ellipticity,triaxiality,Iterations,Initial Particles,Remaining Particles,Max Radius,r_50,mass,Center of Mass,Rotation Matrix
object_108,1.972730725104307,1.1434558880397399,0.6849233218095601,0.5796310025937678,0.3471955463021164,0.5989940923595612,0.6528044536978836,0.7550445561020933,30,266033,235352,21.16256840718091,5.496577024519928,12705613715.243013,[ 0.27925726 -1.26192741  2.18523379],"[[-0.04538368 -0.41753613 -0.90752626]
 [ 0.67584885 -0.68182534  0.27989736]
 [-0.73564166 -0.6006478   0.31313505]]"
object_109,2.038076393474869,1.8880327718422645,0.6649647144285151,0.9263797853147282,0.32627075047700593,0.35219977340735986,0.6737292495229941,0.15871625139927822,22,274860,243687,15.420753319220443,7.043233075472727,13033189029.03089,[0.99126504 0.81210028 1.01585281],"[[-0.98697919 -0.11476798 -0.11269601]
 [ 0.00370998  0.68420718 -0.72927826]
 [-0.16080521  0.72020056  0.67487246]]"
object_111,2.6830345824224966,2.53561499669845,1.0429504515983845,0.9450549066009644,0.3887204654129767,0.4113205092083695,0.6112795345870232,0.12589430646485156,30,224495,200305,27.62763921079472,9.548567951943411,10085067271.421638,[0.36241678 1.88159358 1.46400894],"[[-0.22370571  0.07456734 -0.97180012]
 [-0.88854912 -0.42535833  0.17190333]
 [-0.4005449   0.9019479   0.16141183]]"
object_115,1.456741878462591,1.359872597337268,0.5590921166823515,0.9335027827801887,0.38379628192772447,0.4111356591618182,0.6162037180722755,0.1507827983122012,21,274137,242919,25.628617147675605,5.911164303368118,12865343355.46002,[-1.52649752 -0.44089217  0.93286174],"[[ 0.91332001 -0.24291922 -0.32685902]
 [-0.0098543   0.78919723 -0.61406077]
 [-0.4071234  -0.56405495 -0.71839582]]"
object_117,0.5487739710301398,0.5234506605958973,0.3754491495717341,0.9538547530111414,0.6841599080709927,0.7172579534894884,0.3158400919290073,0.16949959643977633,18,229387,202554,8.43751573329337,2.007770007300905,10785140982.038256,[-0.07047929 -0.21197284  0.0201513 ],"[[-0.77247323  0.52599898 -0.35582324]
 [-0.27497826 -0.78210636 -0.55919281]
 [ 0.57242647  0.33411783 -0.74879451]]"
object_119,1.6260201515566692,1.5515274964061632,0.6957856344723315,0.9541871267221439,0.42790714112996797,0.4484520165346698,0.572092858870032,0.10959410297442386,12,268785,238204,20.243949369453823,6.1876609798935185,12489122131.97391,[ 0.48736136 -0.25040788 -0.35345729],"[[-0.64165613  0.51571581 -0.56772759]
 [-0.02446111 -0.75358282 -0.6568977 ]
 [-0.76660228 -0.40761519  0.49615602]]"
object_122,2.173376808907707,1.8311642377413344,0.9872313989299072,0.8425433777687353,0.4542384895631921,0.5391277191758705,0.5457615104368079,0.36554438112517595,30,147857,132200,22.0339726994591,8.887454739458054,6545087546.272983,[1.48943629 0.91319576 1.98134308],"[[-0.61317293 -0.76911805 -0.18021202]
 [ 0.61147504 -0.31769218 -0.72468611]
 [ 0.50011722 -0.55455306  0.66509674]]"
object_124,3.3568930976805227,1.7404353294242185,0.8518137387627791,0.5184661169659496,0.2537506301143006,0.48942567664641773,0.7462493698856993,0.7815140954073001,30,172598,152915,19.454919942985903,7.860896595964141,8000810123.891746,[-0.89847275  1.93176208 -4.16735484],"[[-0.24937381  0.71040459 -0.65813222]
 [ 0.4384369  -0.52314029 -0.73081962]
 [-0.8634731  -0.47079673 -0.1810101 ]]"
object_126,0.9511844407887342,0.9257969970965697,0.45110538899632896,0.9733096520469648,0.47425648449659946,0.48726166795859055,0.5257435155034005,0.06795204076982629,16,242511,215095,9.207682659939271,3.5318666315376217,11511782730.469421,[ 0.08508834 -0.5490707  -0.3583426 ],"[[ 0.45298484 -0.88666459 -0.09290127]
 [ 0.65327334  0.25921425  0.71136623]
 [ 0.60666191  0.38292805 -0.69665446]]"
object_127,2.024447175753609,1.7963468866282335,0.7166842169163943,0.8873271222597032,0.3540147777131333,0.3989676060071114,0.6459852222868667,0.24311994026091038,30,232610,205575,13.056712380551431,6.465604124863782,10912359249.619205,[-0.86573994 -0.73873558  2.43903143],"[[ 0.3226273  -0.10113481  0.94110752]
 [-0.43637046 -0.89820058  0.05307117]
 [-0.83993598  0.42779373  0.33391628]]"
object_129,3.5020268866268527,1.6324434645719248,1.0422345622154112,0.4661424704663795,0.29760895502983703,0.6384506323401014,0.7023910449701629,0.8587737219410333,30,144048,128496,30.263687060210025,11.151532046526288,6548764065.619583,[ 2.03560114 -1.68161458  3.4374737 ],"[[-0.70901272 -0.08354312 -0.70022961]
 [ 0.12263628 -0.99243492 -0.00576892]
 [-0.69445036 -0.08996379  0.7138944 ]]"
object_130,1.4037172472325579,1.2423010319303036,0.49711132146272047,0.8850080273498898,0.3541392131804181,0.4001536734540922,0.6458607868195819,0.24784404946892835,19,205972,183398,11.266946618171588,4.921650688632503,9837133832.696133,[ 0.78129246 -1.11380772  0.99372557],"[[ 0.19572388  0.95077667  0.24024132]
 [-0.76015265  0.30186537 -0.57536532]
 [ 0.61956446  0.07000734 -0.78181766]]"
object_132,1.205051887958209,1.1382695798685947,0.5428768876438415,0.9445813837918899,0.4505008398963384,0.476931736774089,0.5494991601036616,0.1352062549555627,19,188813,167283,10.543078355628294,4.333088293312586,8798442649.188644,[-0.90816891  0.97379535  0.2585136 ],"[[ 0.37135947  0.54187771 -0.75396332]
 [-0.81121188 -0.20568494 -0.54738378]
 [ 0.45169397 -0.81490015 -0.36319458]]"
object_133,0.5747066655554979,0.5577286983312397,0.3407260544777058,0.9704580297361827,0.5928695017803005,0.6109171995222411,0.4071304982196995,0.08976206020408392,20,188304,166454,7.279136309311375,2.2610361172983104,8883076416.095976,[ 0.23154445 -0.13618457  0.17363895],"[[ 0.9655298  -0.25804285 -0.03414817]
 [-0.1089169  -0.28137077 -0.95339792]
 [ 0.23640922  0.92425342 -0.29977709]]"
object_134,1.1249616562482165,1.1196000635195709,0.4597947914032254,0.9952339773548133,0.408720411801995,0.41067771107284157,0.5912795881980051,0.011416480500545367,23,195038,173136,9.414019680062822,3.8756036236350258,9165820643.272593,[ 0.09130499 -0.09854167 -0.11061355],"[[-0.24846145 -0.05807751  0.96689912]
 [-0.90918201  0.35832774 -0.21210682]
 [-0.33414814 -0.93178765 -0.14183366]]"
object_135,2.0459245603266982,1.8883267808068303,0.9073920425910699,0.9229698970451274,0.4435119750682182,0.480527020965813,0.5564880249317818,0.18439823073018405,21,203319,181445,23.86784586055037,7.999769770580041,9131308808.032558,[-1.19606849 -0.290965   -0.12007196],"[[-0.63566347  0.12513065 -0.76175736]
 [ 0.16489817 -0.94199061 -0.29233934]
 [ 0.75414888  0.31144183 -0.57815521]]"
object_136,0.9131391498136385,0.8588738519463516,0.43945315174599964,0.940572805493706,0.4812554054173311,0.5116620453051696,0.518744594582669,0.1500830464784468,14,168622,148955,9.662618666887834,3.7828118189613678,8122594881.938518,[0.12945008 0.54511409 0.008574  ],"[[-0.11478428  0.58533389 -0.80262619]
 [-0.9683038   0.11450449  0.22198306]
 [-0.22183851 -0.80266616 -0.55363771]]"
object_138,1.4729608920035964,1.3353412858701852,0.7785756446102942,0.9065694093573564,0.5285786261108644,0.583053675377774,0.47142137388913563,0.24719783514245774,9,156666,139489,12.643779028562582,5.138057436391302,7275921445.771645,[-0.1871863  -0.50803014 -0.63642986],"[[-0.93877141 -0.3293645   0.10112995]
 [ 0.34424224 -0.9088568   0.2355347 ]
 [-0.01433588 -0.25592644 -0.96658995]]"
object_139,0.7409276492613164,0.7164728038136557,0.4042332290521376,0.966994286861826,0.5455771956346164,0.5641989855029764,0.4544228043653836,0.09243605461240557,12,225380,199571,7.8871198431952125,2.9791278022645047,10690196776.137701,[-0.1851375  -0.09041964 -0.12813691],"[[ 0.08434171  0.85416051  0.51312405]
 [ 0.89179772 -0.29442613  0.34352594]
 [ 0.44450342  0.4286293  -0.78657081]]"
object_140,1.9709690650758718,1.7519794077674167,0.8276161948606505,0.8888923924840875,0.41990318850021713,0.4723892251195457,0.5800968114997829,0.2547955276551173,30,212460,188770,14.049599084001246,6.282716895759175,9713104642.917858,[ 1.68414264  2.544747   -1.34686791],"[[ 0.25181256 -0.8621114  -0.43972079]
 [-0.5244764  -0.50342116  0.68665249]
 [ 0.81333568 -0.05771545  0.57892486]]"
object_142,1.410185535338033,1.3513982962405013,0.5296553612878412,0.958312408102073,0.37559267771164484,0.3919313519643369,0.6244073222883552,0.09504536473116769,30,264512,234326,11.632068081492543,4.923644040715381,12801619311.352335,[-1.13680448  1.71068314  1.1993204 ],"[[ 0.38426483  0.22304362  0.89587504]
 [-0.63489529 -0.64065208  0.43182506]
 [ 0.67026003 -0.73472203 -0.10457072]]"
object_144,1.3811048462268454,1.3308930693129009,0.6252761315105517,0.9636437616947604,0.4527361794571899,0.46981695669462203,0.5472638205428101,0.08979624023496867,26,210363,186212,10.913169474449855,4.828302886821879,10025821583.847471,[-1.29302454 -0.34744386 -1.63551872],"[[-0.56628044  0.24515578 -0.78690858]
 [-0.59366731 -0.78360468  0.18309238]
 [-0.57173909  0.57084354  0.58928098]]"
object_145,1.5083820350875954,1.3291538509302148,1.1377233608670647,0.8811785210986205,0.7542673768326831,0.8559756720945612,0.24573262316731692,0.5185210133100764,30,142833,126238,14.097538347666198,5.406083392441446,6586102373.254806,[0.10273679 0.77950594 0.23600848],"[[ 0.97874889 -0.14990671 -0.13992353]
 [-0.00776296 -0.70894292  0.70522314]
 [-0.20491547 -0.68915014 -0.69504081]]"
object_146,1.9777477606541998,1.8962248200128897,0.7272475059391231,0.9587799100253594,0.3677149939983065,0.38352388296139883,0.6322850060016936,0.09336542648814171,17,152726,136051,16.00536630751021,6.90226381875031,6850693794.979678,[-1.53474635 -1.24690383  1.34380119],"[[-0.01429878  0.92176823 -0.38747759]
 [ 0.84492957 -0.19608279 -0.49764   ]
 [-0.53468642 -0.33450692 -0.77602548]]"
object_147,3.299508080635892,3.1371221317453517,1.016301006052633,0.9507848003635606,0.30801591668075806,0.32395965581588926,0.6919840833192419,0.1060716880368931,24,126858,113527,17.882419806180874,9.02576673907234,5559105833.403046,[-1.97860221  6.127522    3.48602063],"[[-0.5585881   0.75342329  0.34689002]
 [ 0.59974855  0.65577493 -0.45854217]
 [ 0.57295812  0.04808942  0.81817259]]"
object_148,1.9067768987454818,1.8908523573056115,0.7812701942795166,0.9916484506129964,0.40973340656347085,0.41318413426672573,0.5902665934365292,0.019989159820759838,9,177028,157500,18.07276583174276,6.501399280443388,8100702981.524887,[-0.88731186 -0.53525952 -0.60110908],"[[ 0.58874617 -0.70754273  0.39084681]
 [ 0.72795952  0.67429343  0.12411011]
 [ 0.35135864 -0.21145131 -0.91205014]]"
object_149,2.0477074543253306,1.8573891401638316,0.7043685727852471,0.9070578593834322,0.34397910272652654,0.37922509481406685,0.6560208972734735,0.20103253564692022,20,232930,206846,15.827434626814133,7.1371761670543465,10791543440.670567,[-0.34273452 -0.00356357 -1.43387493],"[[ 0.38090271  0.33431045 -0.86206128]
 [-0.91055938 -0.02632201 -0.41253942]
 [-0.16060742  0.94209536  0.29438339]]"
object_151,1.0412151296692727,0.962446757541353,0.5219935660753969,0.924349570147968,0.5013311382069533,0.5423609794362767,0.4986688617930467,0.19444940767155713,14,207822,183993,11.308551470520301,3.967383718809501,10015239071.699339,[-1.26874612 -1.9842297  -0.53516359],"[[-0.79153737 -0.5313712   0.3018497 ]
 [-0.5867025   0.79897033 -0.13200984]
 [-0.17102272 -0.2815867  -0.94417168]]"
object_152,1.304438400859729,1.1510212526895711,0.5130030602050365,0.8823883534331375,0.3932750368794161,0.44569382103615485,0.6067249631205839,0.26189718917718313,20,233769,207322,10.957350953537473,4.872529039503772,11254821750.991547,[-1.45897521  0.20125852 -0.22160946],"[[ 0.93758518 -0.27069713  0.21830506]
 [-0.34612427 -0.6656677   0.66112367]
 [-0.03364566 -0.69542043 -0.71781501]]"
object_154,9.043982208104937,2.3447115004982373,1.4531718021433286,0.25925653617462663,0.16067831279467146,0.6197657160953653,0.8393216872053285,0.9575064916427874,11,109680,97614,32.23791357812554,16.546925932537672,4835352654.353051,[ 4.85090002 -5.02175535  7.1978399 ],"[[ 0.44682879 -0.23241958  0.86390114]
 [-0.46502604  0.76461136  0.44622892]
 [ 0.76426096  0.60112445 -0.23356921]]"
object_155,3.097511789021792,2.5462216092011745,1.354598984926169,0.8220216039937277,0.4373184275608383,0.532003569536568,0.5626815724391617,0.4009637624758428,12,192174,172070,46.68539099600944,11.886503707704525,8323623601.21041,[-0.35270547  1.7734033  -1.3995068 ],"[[ 0.27328244 -0.54244062  0.79440221]
 [ 0.81365509  0.57086586  0.10989796]
 [ 0.51311022 -0.61633622 -0.59736719]]"
object_156,1.7783082038626359,1.6652697151468372,0.5961988161487659,0.9364348157027733,0.3352618038053087,0.35801937111202153,0.6647381961946913,0.13867722183566733,22,226091,200844,12.523790393712762,5.978344132258589,10718729857.739126,[-0.11570175 -0.06808148 -0.38527799],"[[ 0.65059392 -0.68996761 -0.3172889 ]
 [-0.55731832 -0.71759074  0.41768388]
 [-0.51587193 -0.09491168 -0.85139176]]"
object_158,1.4343137638753773,1.2740994217209067,0.726750031804127,0.8882989578782351,0.5066883203020506,0.5704029210079358,0.4933116796979494,0.2837808980311126,17,221626,197105,21.14656593328797,6.503382849312119,10147399934.867697,[ 0.64484258  1.29401031 -0.19678437],"[[-0.53151525  0.13174534  0.83674052]
 [-0.75895801  0.36457295 -0.5395084 ]
 [-0.37613067 -0.92180786 -0.0937869 ]]"
object_160,2.885614469168686,2.203267350284604,0.9494290376341066,0.7635348983120884,0.3290214433626772,0.4309186706331692,0.6709785566373228,0.46763874267846967,30,112282,100089,17.222390478557138,8.05081902366692,4990661950.080229,[ 6.30674171 -0.38535376  1.7490342 ],"[[ 0.99409919  0.09167077  0.05799375]
 [ 0.09867704 -0.54217874 -0.83444896]
 [-0.0450516   0.83524768 -0.54802524]]"
object_161,2.8624596920396406,2.4440999041215514,1.0244919175592302,0.8538460509744374,0.3579061463846257,0.41916941113233624,0.6420938536153743,0.31075344628253854,30,172048,153259,19.176669101952747,8.483372470244827,7736739952.05835,[0.50284089 1.38024533 0.5233286 ],"[[-0.00832969  0.85619303 -0.51658893]
 [-0.70218448  0.3628009   0.6126275 ]
 [-0.71194632 -0.36784373 -0.59818344]]"
object_163,10.841198156935635,2.5907364120126415,1.909283879935358,0.2389714102177187,0.17611373321443236,0.7369657025247545,0.8238862667855676,0.9730735604086516,30,80618,72098,43.058931514381435,12.805341274748681,3537173788.9632497,[ 4.66394508 -2.15166005  7.10105905],"[[ 0.39680427  0.08747416  0.91372569]
 [-0.09900173  0.99372039 -0.05213879]
 [ 0.91254864  0.06977153 -0.40297259]]"
object_164,1.4011312626257562,1.2955686137544935,0.493702169002149,0.9246589868579226,0.35235968404340534,0.38106987446340235,0.6476403159565947,0.16556142534977553,22,183958,164148,10.373152607059922,4.871194360926306,8730562227.109222,[-0.50186848  0.36797294  0.96894304],"[[ 0.79036647  0.50909804 -0.34079324]
 [-0.00789993  0.56469821  0.82525967]
 [-0.61258341  0.64956533 -0.45034037]]"
object_166,1.3492163057736963,1.3356969850060523,0.5786455906167297,0.9899798714929616,0.42887533165774366,0.4332162137912648,0.5711246683422564,0.024434120846891807,20,156430,139192,12.763199288023108,4.876091712504687,7147744018.418782,[1.38258506 0.56683732 0.90696591],"[[ 0.39971607  0.91662643  0.00480053]
 [ 0.72057021 -0.31097558 -0.61973604]
 [ 0.56657359 -0.25117757  0.78479564]]"
object_167,1.5451288811640242,1.5303048156763532,0.6666379530408577,0.9904059359265207,0.4314448853862892,0.4356242927630217,0.5685551146137108,0.02346373099292671,20,164861,146360,11.5941457455601,5.428004281591378,7692838495.95743,[ 0.2055346  -0.15561499  0.35176001],"[[ 0.32911707  0.07413046 -0.94137486]
 [-0.84639456  0.46517789 -0.25927934]
 [ 0.41868627  0.88210782  0.2158416 ]]"
object_169,1.5711609205419539,1.500859441192745,0.8150549214277969,0.9552550738564963,0.5187596704904378,0.5430587962188294,0.4812403295095622,0.11970054985136014,19,142397,126640,15.182070321604082,5.311287221123938,6457253579.744449,[ 2.2475905   1.35553013 -0.53410564],"[[ 0.08967461 -0.78603344  0.61164523]
 [-0.6453046  -0.51363705 -0.56547233]
 [-0.75864381  0.34398897  0.5532912 ]]"
object_170,2.7949956943528607,2.2407231213558605,0.8876096570871913,0.8016910816296146,0.3175710284207447,0.39612643285891525,0.6824289715792553,0.39736634521011666,21,174638,155608,18.509954079813415,9.004902643750924,7973424140.522699,[ 3.44156025  0.25066632 -0.2774363 ],"[[-0.98282587 -0.11413242 -0.14500721]
 [-0.17596505  0.34294157  0.92272823]
 [ 0.0555842  -0.93239738  0.35713517]]"
object_171,0.7355110821862428,0.7034547837702151,0.4410972797150702,0.9564162944754779,0.5997153413432559,0.6270442534358477,0.4002846586567441,0.13315999418395588,20,235208,209134,12.856359373856554,4.837261632905881,10984948516.688625,[ 0.01377815 -0.33586406  0.08633297],"[[ 0.34673987 -0.84367517  0.4098581 ]
 [-0.91331139 -0.20416912  0.35238795]
 [ 0.2136206   0.49651503  0.84133172]]"
object_172,1.9501663537882885,1.8027103344738578,0.6426254666237363,0.9243879789906176,0.3295234098236833,0.3564773853761115,0.6704765901763168,0.16323146335527663,12,199437,177485,12.255675178579295,5.921631342153935,9360096336.309515,[0.78466192 0.17481815 2.71694524],"[[-0.95910984  0.00976067 -0.28286577]
 [ 0.27718656 -0.16970915 -0.94570948]
 [-0.05723567 -0.98544585  0.16006419]]"
object_174,2.037318852980751,1.9772460749326985,0.7066863514043249,0.9705138064372392,0.3468707661397182,0.35740940915934255,0.6531292338602819,0.06605004905834362,9,176210,157019,12.213525760150484,6.337207720931661,8202468080.046977,[ 0.56435126 -2.66717471  2.25746725],"[[ 0.92242735  0.34101526  0.18120811]
 [ 0.37567679 -0.68378375 -0.62554515]
 [-0.08941328  0.64509564 -0.75885235]]"
object_176,1.9370311910759679,1.4252030850655373,1.167433173330616,0.7357667195198214,0.602691984883392,0.8191346100523857,0.39730801511660796,0.7202802098204889,30,119910,106864,21.234323255093866,6.442261484247218,5401778597.22265,[-1.02000117  1.28409167 -2.45305733],"[[ 6.05778778e-01 -7.95633094e-01 -2.28250958e-04]
 [-6.32786837e-01 -4.81964828e-01  6.06045150e-01]
 [ 4.82299586e-01  3.66984856e-01  7.95430213e-01]]"
object_177,3.313075569751972,3.103668797612337,1.1747078526705725,0.9367938437470318,0.3545671772160981,0.3784900803765786,0.6454328227839019,0.14002035722746448,10,118634,106018,21.767161381139395,9.508714850639816,5177210753.572312,[-0.0046785   2.24104154  0.17110999],"[[-0.10292079 -0.83231841 -0.54465895]
 [-0.98447842  0.00697829  0.17536687]
 [-0.14216028  0.55425388 -0.82011773]]"
object_179,1.0503255659219983,1.0123534263460137,0.47468786630575993,0.9638472671636323,0.4519435513207457,0.46889540149935316,0.5480564486792543,0.08922238252105069,9,120547,107333,8.056534162032168,3.6725513083937718,5616496752.00309,[-0.1342812   0.37984691  0.47230363],"[[-0.28025268  0.2908929   0.91478946]
 [ 0.51102096  0.85192838 -0.11434864]
 [ 0.81259831 -0.43543007  0.38740759]]"
object_182,2.8667282200691964,2.2026515233717983,1.030424918012079,0.7683503123706059,0.35944283479624967,0.4678111390197185,0.6405571652037503,0.4704150187487762,30,123941,110763,16.356873899532363,8.530660756953717,5494451108.492512,[-0.86097704  7.36473302  6.94443169],"[[ 0.5410841  -0.17314137  0.82295204]
 [-0.83631847 -0.21354936  0.50494364]
 [ 0.08831425 -0.96146697 -0.26034949]]"
object_184,2.622747107576212,1.7805754231483286,1.274926278438462,0.6788971067797045,0.486103396989988,0.7160192496559332,0.513896603010012,0.7059005586277035,30,99285,88747,23.94834866598491,10.397664740980996,4324743173.069196,[-0.23373763  3.47473991  1.98496738],"[[-0.63824741  0.67182113 -0.37589442]
 [-0.320182   -0.67570427 -0.66400845]
 [-0.70008837 -0.30344705  0.64637154]]"
object_185,1.4702413140869355,1.334618266828763,0.555707504412265,0.9077545665744003,0.3779702686136094,0.4163793634660064,0.6220297313863906,0.20531297075299737,10,161511,143698,11.48228187490377,5.3153751336367225,7615244595.0712805,[0.63677248 0.86180701 2.539449  ],"[[ 0.19852301 -0.04268366 -0.97916634]
 [-0.52700677 -0.84697933 -0.06992764]
 [ 0.82634889 -0.52990953  0.19063946]]"
object_186,1.6856214875744904,1.648393912089408,0.63750444299642,0.977914629257218,0.3782014216689603,0.386742779332615,0.6217985783310397,0.050974129554488976,18,185128,164567,11.885684934514716,5.771973296456621,8727400081.483444,[ 1.58186263 -0.96445994  0.14936701],"[[ 0.07328883 -0.99328538 -0.08951481]
 [ 0.87769721  0.10685972 -0.46714945]
 [-0.47357824  0.04433006 -0.87963543]]"
object_187,2.1772860429838943,2.0671446630660095,1.1256750490177334,0.9494134542988482,0.5170083428611131,0.5445555258566767,0.4829916571388869,0.13458956375029676,21,184867,164577,15.242410893037318,6.378005416332862,8426781489.056953,[ 2.81712198  2.50752257 -1.80509866],"[[ 0.58613825  0.4771322  -0.65481816]
 [ 0.79459971 -0.49641576  0.34954641]
 [-0.1582822  -0.72520084 -0.67009737]]"
object_188,1.4828078237593105,1.3870431706833524,0.8165091103721703,0.935416679396006,0.550650662404858,0.5886688515757603,0.44934933759514195,0.17938939926315448,10,171420,152374,13.264300783659955,5.247062328388846,7876373023.776138,[0.71366378 0.8501814  0.09060368],"[[-0.69103187  0.06270258  0.72009954]
 [-0.559092    0.58506214 -0.5874678 ]
 [ 0.45813873  0.80856087  0.36924007]]"
object_191,1.5535593167022403,1.4769286722822617,0.5497607883902601,0.9506741431781031,0.35387177205260767,0.3722324569274752,0.6461282279473923,0.10999251111082388,12,204457,181428,10.050837699064195,4.802715165304828,9979242037.589348,[0.41747631 0.62856263 0.00104126],"[[-0.4143287  -0.55551447  0.72092677]
 [-0.56741321 -0.46166552 -0.68184104]
 [-0.71159959  0.69156968  0.12392497]]"
object_192,1.0924325005716018,1.0724116122234935,0.5463232583660423,0.981673111759644,0.5000979539515581,0.5094342994228853,0.4999020460484419,0.04843019472236236,28,156519,138877,10.259291254167048,4.099006031941434,7157623305.5008,[ 0.10897831 -0.5041613  -0.42957005],"[[-0.72358535  0.59724248 -0.34601397]
 [ 0.43917021  0.78510201  0.43674289]
 [ 0.53249767  0.16406173 -0.83037942]]"
object_193,2.509448592788127,1.8772988326721713,0.855516084306954,0.7480921657719218,0.34091795574757383,0.45571651642120364,0.6590820442524261,0.4982695116916509,30,115049,103078,15.733011084980657,8.10745840369263,5104396132.700519,[ 1.01278206 -0.77900642 -0.35690123],"[[-0.60031163 -0.58777054 -0.54235758]
 [ 0.79972433 -0.44810055 -0.39955837]
 [ 0.00818209  0.67359608 -0.73905437]]"
object_194,1.627880860473577,1.5479181625087581,0.5511647699444683,0.9508792689278524,0.3385780761524068,0.3560684171126843,0.6614219238475931,0.10823629601848193,25,201396,179483,12.782321647259808,5.879473837925533,9473896929.557589,[ 0.34691985  0.42388349 -0.32837614],"[[-0.86230894  0.11428911 -0.49331662]
 [ 0.02242219  0.98185965  0.1882787 ]
 [-0.50588589 -0.15129317  0.84922897]]"
object_195,1.8576484363815524,1.4867932265822406,0.8209544770223722,0.8003630813364839,0.44193210132993754,0.5521645258699072,0.5580678986700625,0.4466518164336173,20,97562,86927,18.10414533697223,6.597516050374429,4333794626.641201,[-1.29799322  2.87322326  2.85115782],"[[ 0.13429048 -0.60140702 -0.78757581]
 [-0.98903079 -0.1306822  -0.06884953]
 [-0.06151555  0.78818256 -0.61235944]]"
object_196,2.577283141484257,1.6685722199545119,1.1010002364028364,0.6474151765077628,0.42719413272100576,0.6598457191339621,0.5728058672789942,0.7105197721478244,30,79172,70775,22.3424818161493,8.251278883665318,3480663308.86417,[ 2.53782281 -0.09907206 -2.76965658],"[[-0.71501565  0.19123201 -0.67244549]
 [ 0.15217697  0.98137092  0.11727437]
 [ 0.68234506 -0.01847771 -0.73079668]]"
object_197,1.1843899826084605,1.0918820162232836,0.6082358808510248,0.9218939979706342,0.51354358765469,0.5570527509509269,0.48645641234531,0.2038801638165292,9,110366,98392,10.236650653879815,4.157902776674775,4918080837.233648,[ 0.55208439  0.63181463 -1.72450256],"[[ 0.47612956  0.12855266 -0.86992808]
 [ 0.29886571  0.90671645  0.29756438]
 [-0.82703079  0.40167087 -0.39329452]]"
object_198,1.417319346926799,1.2012206865612627,0.6333115762671242,0.8475300144359792,0.4468376006016893,0.5272233348562343,0.5531623993983107,0.3519681968283755,27,115869,103212,14.455720505024386,5.126032182166267,5271251400.613643,[ 0.37570062  0.18975546 -1.37277045],"[[-0.27281589 -0.77345424 -0.57213637]
 [-0.11326984 -0.56473613  0.81746134]
 [-0.95537502  0.28782223  0.06645995]]"
object_199,2.96989581126479,2.0974110126531786,1.0126517324196742,0.7062237687590642,0.3409721406989075,0.4828103439481288,0.6590278593010925,0.5671907158630484,18,136781,121664,15.099689198192939,7.465204555845583,6276792565.768951,[-1.06658783 -3.77552214 -0.9338787 ],"[[ 0.39064048  0.30352642  0.86906371]
 [ 0.90948056 -0.27317898 -0.31339807]
 [-0.14228535 -0.91282252  0.38276615]]"
object_200,0.7673629062210624,0.7204903008028989,0.4306945524522095,0.9389172905828987,0.5612657960927483,0.5977798062961469,0.4387342039072517,0.172901689614728,16,240011,213177,11.52369437923831,3.9213641028849398,11540176218.93309,[-0.04904231  0.24250851  0.46469576],"[[ 0.1400106  -0.83153076 -0.53754407]
 [ 0.277726    0.55407865 -0.78477074]
 [-0.9504027   0.03941374 -0.3085146 ]]"
object_201,1.4342634198146507,1.3744726562196015,0.5351775047938387,0.9583125646453593,0.37313752648240833,0.38936933548449776,0.6268624735175916,0.09484203850799904,25,186886,166018,9.836522310571828,4.559971869646223,8962128468.776628,[ 1.22281977  1.40623107 -0.04324637],"[[-0.70690004  0.00347752 -0.70730491]
 [-0.69551333  0.17848063  0.69599273]
 [ 0.12866055  0.98393728 -0.12374931]]"
object_202,2.3033501780164967,2.2216413798209103,0.7996815533700108,0.9645261068093653,0.34718192700453704,0.3599507826211242,0.6528180729954629,0.07924068871157128,21,150399,134225,13.609163497558244,6.520316480742479,6841763845.912233,[ 2.25150994 -0.34458015  3.89035986],"[[-0.46586865 -0.85180779  0.23956188]
 [ 0.36490584  0.06169737  0.92899794]
 [ 0.80610802 -0.52020854 -0.28208676]]"
object_203,1.3061207181025827,1.0251073720586863,0.6491146456908822,0.7848488718162837,0.4969790592050778,0.6332162497156649,0.5030209407949222,0.5099684240090753,17,139779,124272,17.12893356832524,5.210214031926913,6399381571.311288,[0.12122909 0.19556155 0.68361242],"[[ 0.72679201  0.6758799  -0.12230997]
 [-0.57159165  0.69389864  0.43793569]
 [ 0.38086265 -0.2483768   0.8906473 ]]"
object_204,1.5064936622957485,1.4720895037468376,0.9305329209032548,0.9771627591871297,0.6176812715462832,0.632117081559793,0.38231872845371684,0.07300750763001482,11,104040,92700,11.484939094200898,4.927051444019273,4677642934.646767,[ 1.53588802  1.94206934 -1.54078353],"[[-0.56627675 -0.11485195  0.8161738 ]
 [-0.82405156  0.09862289 -0.55786428]
 [-0.01642162 -0.98847486 -0.15049178]]"
object_205,1.2615196028178384,1.1122826772524779,0.9573401546946978,0.8817006685968161,0.7588785402591451,0.8606986104103377,0.24112145974085486,0.5248813176123718,30,151541,134928,13.703534054839427,5.350389512156947,6939763201.482424,[-0.73246914  0.98881243  0.25070162],"[[-0.83633567 -0.43699676  0.33102339]
 [ 0.21185473 -0.8145356  -0.54004567]
 [-0.50562855  0.38153059 -0.773805  ]]"
object_207,14.924701230905665,3.90493693038548,2.1817361804152124,0.26164255283712096,0.14618290488102587,0.5587122709815034,0.8538170951189741,0.9518844129939305,30,127603,114202,61.151686675034966,30.758092784282116,5698436613.860125,[-5.01734488  9.22592848 -2.40950748],"[[ 0.28779612 -0.68971171  0.66443296]
 [-0.84918297  0.13698999  0.5100216 ]
 [ 0.44278853  0.71100739  0.54626625]]"
object_208,2.4155855055521425,2.1467401417403456,1.5125721842849484,0.8887038512220474,0.6261720733165321,0.7045902551851096,0.37382792668346787,0.34578469105050796,20,73232,65443,13.804796838949924,7.019817041510191,3202440379.142725,[-2.01272526  1.90242319 -0.73358732],"[[-0.90434453 -0.01290032  0.4266082 ]
 [-0.18498332 -0.88893515 -0.41901727]
 [-0.38463248  0.45785138 -0.80151729]]"
object_209,3.11042788028911,2.773335196835149,0.9536366062998564,0.8916249800903183,0.30659338296929656,0.34385912218188386,0.6934066170307034,0.22627459415334378,29,48090,43030,18.630940453037443,9.747301994187538,2026137118.6429143,[ 2.7680029  -3.08940179 -2.30141692],"[[ 0.59669645 -0.28821856  0.7489215 ]
 [-0.11978974  0.89082498  0.43827077]
 [-0.79347575 -0.35122773  0.49702648]]"
object_210,0.8920661099320987,0.8533918074838985,0.5916874678191011,0.9566463718130219,0.6632775993072291,0.6933362409039353,0.33672240069277093,0.15146107779347548,12,111402,98674,8.840656244313148,3.1181519935479574,5117848902.891931,[-1.16059068  0.57951482  0.1196363 ],"[[ 0.93546487 -0.10602181  0.33714217]
 [-0.19487385  0.64108413  0.74231753]
 [-0.29483834 -0.76011217  0.57905081]]"
object_211,1.8079935112284573,1.7509085946609269,0.7631013105476895,0.9684263708840727,0.42207082371064125,0.43583160929966663,0.5779291762893588,0.0756219429640985,13,136181,121007,11.602476166481486,5.240614655674845,6196820626.869152,[-1.17712605  2.43819616  1.12236291],"[[-0.93617744 -0.33044833 -0.11989869]
 [-0.35107472  0.8615933   0.36661087]
 [-0.01784204  0.38530622 -0.92261627]]"
object_212,1.2844615509739608,1.1962952302680414,0.7395261890441631,0.9313593150070814,0.5757480155660613,0.6181803373724605,0.42425198443393874,0.19830516969339906,12,142602,126990,12.08239378121351,4.991712682082747,6562587899.589693,[ 0.6105023  -0.5652131   1.69596737],"[[-0.83840807  0.21070231  0.50266932]
 [-0.36397399  0.47004362 -0.80410318]
 [-0.40570291 -0.85712515 -0.31739821]]"
object_213,1.3646158825429986,1.3291995326162456,0.6183021967820364,0.9740466527029176,0.45309614572989837,0.46516883403129133,0.5469038542701017,0.06446818679504199,13,180417,160547,10.741388605989844,4.606721471168354,8316973129.4181,[ 1.20862592  1.50417144 -0.78276422],"[[ 0.13180432 -0.83191943 -0.53901548]
 [-0.61523836 -0.49500764  0.61355456]
 [ 0.77724474 -0.25075386  0.57707289]]"
object_214,1.639388822867573,1.3459299053651885,0.730888386621108,0.8209949260303762,0.44582979731596467,0.5430359959367999,0.5541702026840354,0.4068307166980489,30,149917,133397,14.266682408450606,5.3988245259454795,6965155117.066658,[-1.25971257 -0.65730431 -0.31701796],"[[-3.94970252e-04 -9.99955529e-01  9.42256957e-03]
 [-9.99840976e-01  2.26896695e-04 -1.78317429e-02]
 [ 1.78288119e-02 -9.42811416e-03 -9.99796601e-01]]"
object_215,0.8022110227723459,0.7344447597156502,0.4448120657696255,0.9155256395972925,0.5544826151009592,0.6056440050601495,0.4455173848990408,0.23364815534421143,21,122312,108524,7.019836833828803,2.7072371960276436,5741940384.172137,[-0.06803868 -0.39200582 -0.59038261],"[[-0.48216653 -0.24690788 -0.84056644]
 [ 0.73421739  0.40955944 -0.54146642]
 [ 0.47795425 -0.87823548 -0.0161918 ]]"
object_216,2.483885302610674,1.9694516626996887,1.0828811423743274,0.7928915480234563,0.4359626192224621,0.5498389033269969,0.5640373807775378,0.45845933561959357,30,51528,45990,14.355552528948026,7.2365729028172066,2223871258.622673,[ 0.64640072  0.33827888 -0.70998584],"[[-0.56339871  0.7902895  -0.24088255]
 [ 0.22325251 -0.13508591 -0.96535492]
 [-0.79544969 -0.59765735 -0.10032688]]"
object_217,1.90537114026528,1.6201039460161146,0.7739449969443275,0.8502826099226798,0.4061912036919868,0.4777131731871168,0.5938087963080132,0.3317564011706554,30,127152,113261,13.563818719433979,5.375709461179444,5870874933.610999,[ 2.81993457 -0.93304208  1.24652915],"[[ 0.48061795  0.67982862 -0.5539309 ]
 [-0.15606058 -0.55527985 -0.81689007]
 [ 0.86293191 -0.47905881  0.16078301]]"
object_218,0.8600842167047728,0.823504185927909,0.4929109755351993,0.9574692453757467,0.5730961758880793,0.5985530905101552,0.42690382411192074,0.1239688908050305,14,120404,106463,7.823037058730322,3.2936901669821714,5775631182.364475,[ 0.39490876  0.77340276 -1.02488839],"[[ 0.41493164  0.58467608 -0.69712669]
 [ 0.28160734 -0.81110106 -0.51265229]
 [-0.86517573  0.01639966 -0.50120057]]"
object_219,1.6508644536409365,1.5689901587199464,0.6219974279378234,0.9504051984762174,0.37677074369493213,0.3964316949223424,0.6232292563050679,0.11273312382720989,17,143546,128232,11.227086326947788,5.3896425846740765,6614425668.467453,[0.35028472 0.3224497  0.05284274],"[[-0.82681456  0.19927927  0.52598998]
 [ 0.3837919   0.88350345  0.26856178]
 [ 0.41119517 -0.42392148  0.80697529]]"
object_220,1.7856807361259135,1.6303646037450017,0.7922674270881042,0.9130213317315196,0.4436780948911122,0.485944938493046,0.5563219051088878,0.20717437587943735,18,106140,94588,11.418847213490487,5.420702708696214,4806377378.236813,[0.57345428 1.80307061 1.1605817 ],"[[ 0.31902393 -0.90450215  0.28301872]
 [ 0.83705906  0.12886086 -0.5317208 ]
 [ 0.44447257  0.40653504  0.79823141]]"
object_221,1.4914162449576442,1.3786940726785688,0.6175326453443803,0.9244193747653079,0.4140578778273386,0.44791129343482206,0.5859421221726614,0.17554493190768047,19,132051,117124,10.439360235374304,4.964083271265736,6211706692.236644,[ 2.99781057 -1.22119291 -1.33142142],"[[ 0.9331856   0.34216167 -0.10995464]
 [ 0.21741067 -0.78106352 -0.58538225]
 [ 0.28617692 -0.52236497  0.80326683]]"
object_222,1.1952506315014206,1.1666692157881575,0.5844657575930495,0.9760875125601395,0.48899012658028856,0.5009695547663925,0.5110098734197115,0.06210260521680738,9,126665,112590,9.901579099329279,4.22962654361316,5921346571.5730915,[ 1.61397244 -1.40133526 -0.5230273 ],"[[ 0.59691652 -0.69679125 -0.39770921]
 [-0.71425193 -0.23573984 -0.65899234]
 [-0.36542419 -0.67742799  0.63840151]]"
object_224,1.8064338216469977,1.6590664927037335,0.6028616748624192,0.9184208537410445,0.3337302854044031,0.36337402841519184,0.6662697145955969,0.17611849151028827,17,129576,115542,12.54083940613647,6.151987629719108,5957016635.000344,[-0.44849065 -0.35288851  1.42638312],"[[ 0.86186462 -0.49444688  0.112746  ]
 [ 0.28212411  0.28272025 -0.91677437]
 [-0.42142065 -0.82194376 -0.38316197]]"
object_225,1.627772118378028,1.4870851120062691,0.656891186197714,0.9135708218715869,0.4035523024268683,0.44173072603187,0.5964476975731317,0.19756224656198118,15,158260,140736,12.654063486510738,5.58020584958659,7284765063.350415,[-2.38601079 -1.09958869  0.12090157],"[[ 0.95884743  0.20052568  0.20100015]
 [-0.01189149  0.73568404 -0.67722049]
 [ 0.2836727  -0.64696093 -0.7077933 ]]"
object_226,3.021379460561692,2.5191167376805605,1.030862370879844,0.833763772661724,0.34118930916681367,0.4092157999112797,0.6588106908331863,0.3449994016622625,24,69284,62082,16.732760776808615,8.249112691077858,2984219083.474955,[-1.20902072 -4.17779689 -0.02761455],"[[-0.28000238 -0.22890683 -0.93230914]
 [-0.87486641 -0.33897973  0.34597907]
 [-0.39523087  0.91252091 -0.10534777]]"
object_228,0.9343447458448515,0.7274402148304406,0.6852654513815699,0.7785565425026026,0.7334182103865104,0.9420230520817422,0.26658178961348955,0.8523082579458331,11,127351,112779,10.4636085579419,3.550220032923425,5930090506.213163,[ 0.55636662 -0.28598013 -0.99617503],"[[-0.24439999  0.42555116  0.87130641]
 [ 0.9657115   0.02566398  0.25834602]
 [-0.08757826 -0.90457038  0.41723192]]"
object_229,2.367600231099934,1.773562865386164,0.8712040177859928,0.7490972682335846,0.3679692231577672,0.4912168803197752,0.6320307768422329,0.5075803464584595,30,89873,80138,20.29771666891277,7.2484050290573245,3983818476.9675245,[-0.94090089 -1.37764596  0.68551619],"[[ 0.04178654 -0.72572837 -0.68671116]
 [-0.73106877 -0.49069307  0.47408731]
 [ 0.68102301 -0.48222261  0.55106171]]"
object_230,1.6093986701219258,1.3911767901239858,0.6925978293856063,0.8644078163793886,0.43034571995336374,0.49785033383419225,0.5696542800466362,0.31025813980426453,15,128933,114786,11.87700414311331,5.4064720832526305,5912257680.136634,[ 0.51119318 -0.84727256 -3.41075988],"[[-0.14764572  0.66483051 -0.73225756]
 [ 0.1494093  -0.71688243 -0.68099666]
 [ 0.97768993  0.20995233 -0.00651276]]"
object_232,1.713524473911389,1.684265834465328,0.9124815845487985,0.9829248779976433,0.5325173923345932,0.541768149585761,0.46748260766540684,0.047260597399202686,9,113305,100888,11.46554600850616,5.255363421023189,5146020469.358418,[1.00592269 0.93380191 0.40535155],"[[ 0.57396645  0.36974226  0.73065256]
 [ 0.27539077  0.75313356 -0.59745273]
 [-0.77118249  0.54413279  0.33044979]]"
object_233,1.7279440213621071,1.610286334464309,0.6189955325571753,0.9319088550073221,0.3582266120341285,0.38440091014191924,0.6417733879658716,0.15091184556725504,29,192201,170470,10.79255428703351,5.420814934931317,9269358189.50864,[ 0.3126069   0.57333445 -0.99592652],"[[-0.808424   -0.37683176 -0.45215977]
 [-0.18877649  0.89360807 -0.40721991]
 [ 0.55750701 -0.24384922 -0.79355119]]"
object_234,1.6218947653092413,1.5441527780118447,0.7183508791576918,0.9520671815704554,0.44290843926654283,0.46520712806837405,0.5570915607334572,0.1164025175123154,30,129274,114949,12.175745764998487,5.353610474554722,5917268201.474808,[ 0.62415574 -0.86048729  0.89861946],"[[ 0.16814728 -0.78090244 -0.6015961 ]
 [ 0.62419453  0.55669422 -0.54815393]
 [-0.76295981  0.28334241 -0.58104165]]"
object_235,2.1459890434577504,2.0384939358241985,0.7537747581917159,0.9499088273720404,0.35124818576761574,0.36977041969317986,0.6487518142323843,0.11141965124208911,30,173825,155098,14.280755943087424,6.864525588320487,7839026629.865007,[-0.52021562  0.72539537 -2.40036428],"[[ 0.5315707  -0.04945369  0.845569  ]
 [ 0.68923446 -0.5550068  -0.46575026]
 [ 0.49232961  0.83037448 -0.26094016]]"
object_236,1.6219831431702434,1.602541602223524,0.7148040965181084,0.9880137219498348,0.44069761114840544,0.44604401878011707,0.5593023888515946,0.029572239538202497,11,136703,121415,10.21252624152916,4.7777869473503145,6331003247.80406,[-0.04589786 -0.78298675  0.07991798],"[[ 0.46843937  0.6773146  -0.56728256]
 [ 0.71618913  0.08486581  0.69272716]
 [-0.51733711  0.73078227  0.44533087]]"
object_238,2.1589418140130574,1.9544811842192498,0.8686925986601458,0.9052959053983235,0.4023696206269744,0.4444619910767571,0.5976303793730255,0.21529603394828825,9,101231,90290,12.638868069506337,6.626451445889703,4519495956.844441,[-1.54207715 -1.94710034 -0.81293256],"[[-0.14858637 -0.44473488  0.88325137]
 [-0.18368011 -0.86521175 -0.46655145]
 [-0.97169116  0.2315589  -0.04686972]]"
object_240,2.55807704080093,2.0327903088690413,1.0833861186999405,0.794655624692436,0.423515829046624,0.5329551769177269,0.576484170953376,0.4490702119544674,30,73375,65774,16.993795843850123,8.55935972464852,3158789537.2875113,[3.46820768 0.23223786 3.60329893],"[[ 0.17451612 -0.80068952  0.57309722]
 [-0.70708429 -0.50696149 -0.49297246]
 [ 0.6852561  -0.3191964  -0.65462793]]"
object_241,2.5682875984690607,1.7040229130684514,0.9947778756379612,0.663486018498944,0.38733118371592873,0.5837819832167952,0.6126688162840712,0.6585918372993861,30,81189,72729,19.38060350645752,8.94250168009777,3566501090.381025,[1.87727052 2.18605105 1.39264572],"[[ 0.06207814 -0.49406705 -0.86720474]
 [-0.7314182  -0.61371499  0.29728998]
 [-0.67909773  0.61583412 -0.39946791]]"
object_243,2.279240358516347,2.020341919319289,0.766167196883399,0.8864102075809214,0.33615024146998224,0.3792265009981789,0.6638497585300178,0.24157408738658576,11,109635,97871,14.291843025109591,7.436533991623342,4917746698.916345,[ 1.96374684  0.48626293 -2.05220528],"[[ 0.71437331 -0.15154779  0.6831574 ]
 [ 0.44169346  0.85486464 -0.27223766]
 [-0.54275009  0.49622547  0.67763015]]"
object_244,1.1740952389592625,1.0945428054197144,0.6014014229491934,0.9322436281999876,0.5122254166385051,0.549454457122469,0.48777458336149493,0.17749099600622079,10,119835,106303,9.614994045627666,4.392711453907047,5674067886.619139,[-0.15531812  0.7893888   0.98327015],"[[ 0.19925194  0.40717339 -0.89135206]
 [ 0.50511182 -0.82212172 -0.2626365 ]
 [ 0.83973848  0.39790163  0.36947744]]"
object_245,2.6154454135586707,2.3869743314554976,0.8203738699088008,0.912645440459678,0.3136650704525965,0.3436877636671376,0.6863349295474035,0.1853101865952452,30,74256,66418,14.760650851443723,8.002483667606409,3250550667.6274977,[-3.10875219 -1.28749513  1.74669618],"[[-0.56653678  0.77394054  0.28293483]
 [-0.1662038   0.22897512 -0.95913852]
 [-0.80710122 -0.59041209 -0.00109096]]"
