Simulation,a,b,c,b/a,c/a,c/b,ellipticity,triaxiality,Iterations,Initial Particles,Remaining Particles,Max Radius,r_50,mass,Age Range,Snapshot,Redshift,Center of Mass,Rotation Matrix
m12_elvis_RomeoJuliet_res3500,1.4784554330666133,1.3632017471558575,0.06293921769218193,0.9220445315205096,0.04257092657952723,0.046170141597526845,0.9574290734204728,0.15010591641219692,23,696267,611662,30.895326605221484,13.33520153346225,2463195587.7618546,"[3.1819340775850465e-05, 0.4999919351391168]",600,0.0,[-0.37456436  0.70333418 -0.07309853],"[[-0.46929232  0.10362214  0.87694194]
 [ 0.8830313   0.04998501  0.46664464]
 [ 0.00452076  0.99335993 -0.11495917]]"
m12_elvis_RomeoJuliet_res3500,1.5889715680789736,1.4533242718187847,0.08295786684262997,0.914632017976141,0.05220852815064774,0.05708145694065309,0.9477914718493523,0.16389500529313825,30,671896,590418,32.39433222181785,13.396960926839087,2265069371.1736293,"[0.5000076986740649, 0.999989937231603]",600,0.0,[-0.4585368   0.82498505 -0.20101548],"[[ 0.46352083 -0.08513023 -0.88198712]
 [-0.88284297 -0.1294525  -0.45147573]
 [ 0.07574121 -0.98792454  0.13516055]]"
m12_elvis_RomeoJuliet_res3500,1.396739286873855,1.3377691571667147,0.08534310296928621,0.9577801453275323,0.06110166999046679,0.06379508939347645,0.9388983300095333,0.08296694316981279,22,663333,582370,31.113156700748323,12.822262536879963,2196346944.0439596,"[1.0000006290333598, 1.4999987492546767]",600,0.0,[-0.23646903  0.54590814  0.24511104],"[[-0.45823494  0.14349979  0.87717077]
 [ 0.88476812 -0.02061035  0.46557554]
 [ 0.08488878  0.98943571 -0.11751965]]"
m12_elvis_RomeoJuliet_res3500,1.7241176200847432,1.5203377274071703,0.11390494028552724,0.8818062698833988,0.06606564364206696,0.07492081412712434,0.933934356357933,0.22339273781216074,30,642799,563008,30.68331727376636,13.104067276501162,2118005724.145679,"[1.500021388425729, 1.9999868892489154]",600,0.0,[-0.48969623  0.87229394 -0.27113745],"[[-0.46673158 -0.04954601 -0.8830101 ]
 [ 0.84163659  0.28182502 -0.46067614]
 [-0.27167901  0.95818571  0.0898369 ]]"
m12_elvis_RomeoJuliet_res3500,1.6741731162388942,1.519571507125481,0.11734227911314873,0.9076549446327673,0.0700896926219694,0.07722063658269095,0.9299103073780306,0.177032183594786,30,581734,509238,30.52009699533063,12.353963367590861,1929594121.2296946,"[2.0000006799566217, 2.4999914317958467]",600,0.0,[-0.55075624  0.99624768 -0.26490249],"[[-0.49104493  0.03851329 -0.87028248]
 [ 0.82327611 -0.30605405 -0.47806628]
 [-0.28476539 -0.9512348   0.11857922]]"
m12_elvis_RomeoJuliet_res3500,1.4876141982965247,1.3474219439952562,0.11357401657569251,0.905760341315777,0.07634641878636729,0.08428986709162009,0.9236535812136327,0.18065117929663338,30,562562,491266,31.996018725174146,11.43381032051779,1879148171.960769,"[2.5000203329630097, 2.9999826915982215]",600,0.0,[-0.44844362  0.78477269 -0.27357586],"[[ 0.47092841  0.08865051 -0.87770583]
 [-0.7947493  -0.38919275 -0.46572798]
 [ 0.38288377 -0.91688063  0.112827  ]]"
m12_elvis_RomeoJuliet_res3500,1.3787023514403192,1.2689136604867426,0.11639136820492653,0.920368097697896,0.0844209543004938,0.09172520702494444,0.9155790456995062,0.15402025128765906,30,585489,512913,29.631401999528173,10.91038642906314,1964055631.5453036,"[3.0000034633358768, 3.4999799822260673]",600,0.0,[-0.37781854  0.68994199 -0.15079486],"[[ 0.48053635  0.06093882 -0.874855  ]
 [-0.81348308 -0.34169461 -0.47062731]
 [ 0.32761271 -0.93783328  0.11462398]]"
m12_elvis_RomeoJuliet_res3500,1.1456465669271703,1.065192202011632,0.10281842391576637,0.9297738349346856,0.08974707111595842,0.09652570092194834,0.9102529288840415,0.13662103502151615,25,543394,476862,26.442738441292267,9.454991430352946,1863837109.8966558,"[3.500006718073592, 3.9999906557683125]",600,0.0,[-0.32537425  0.56511867 -0.18550076],"[[ 0.46513658  0.12314485  0.87663179]
 [-0.76499612 -0.44239307  0.4680484 ]
 [ 0.44545358 -0.88832636 -0.11156787]]"
m12_elvis_RomeoJuliet_res3500,1.0885562144698713,1.0140035149163724,0.10491499087919168,0.9315123109284658,0.09637994757145864,0.10346610177958239,0.9036200524285414,0.13352514222544468,27,545582,480772,24.24167751051431,8.519253760743739,1867928755.8529809,"[4.000016688552374, 4.4999864843598285]",600,0.0,[-0.28141647  0.48674365 -0.17018771],"[[-0.45966738 -0.137303    0.87741312]
 [ 0.74983816  0.4693843   0.46628436]
 [-0.47586619  0.87225355 -0.11280562]]"
m12_elvis_RomeoJuliet_res3500,1.0748050619962546,1.0189360649313506,0.11623681926877281,0.948019413900845,0.10814688484336323,0.11407665629796322,0.8918531151566368,0.10245750813480695,14,631943,558591,22.438391265963897,7.765830085559832,2128347729.951773,"[4.500000091942005, 4.999992299848501]",600,0.0,[-0.22652185  0.39505809 -0.13115481],"[[-0.44952927  0.18280382 -0.87436045]
 [ 0.70415348 -0.52976136 -0.47277984]
 [-0.54962835 -0.82821233  0.10942129]]"
m12_elvis_RomeoJuliet_res3500,1.084549126860155,1.0399360870720769,0.1270991875837864,0.9588648972340829,0.11719080716218672,0.12221826818379974,0.8828091928378132,0.08170015304174649,22,658160,583916,21.09528090014799,7.6956260201604225,2175187992.372726,"[5.000005014409215, 5.499992202986349]",600,0.0,[-0.19838378  0.35130401 -0.09073019],"[[-0.43581464 -0.19163457  0.87939854]
 [ 0.69267576  0.55246041  0.46366775]
 [-0.57468764  0.81121125 -0.10802971]]"
m12_elvis_RomeoJuliet_res3500,1.043896909429679,0.9989498842172576,0.1418472995241932,0.9569430421659378,0.13588247866514885,0.14199641219773484,0.8641175213348511,0.08584506138487592,30,760305,677518,19.304818461514873,6.955749621205289,2424328611.098758,"[5.500003989323062, 5.9999896393075804]",600,0.0,[-0.15832679  0.27565547 -0.08093384],"[[-0.39336673 -0.25692501  0.8827526 ]
 [ 0.58691792  0.66887609  0.456215  ]
 [-0.70766516  0.69756312 -0.11231971]]"
m12_elvis_RomeoJuliet_res3500,1.0109259974200377,0.9743777962953222,0.15888553417621684,0.9638468085517738,0.1571683135874487,0.16306358250394754,0.8428316864125514,0.07279756630404068,16,870499,777853,17.93144567122019,6.95325073051389,2683808927.25444,"[6.000000465617506, 6.499997131134116]",600,0.0,[-0.13599334  0.23368744 -0.07076874],"[[-0.41245026 -0.24534042 -0.87732141]
 [ 0.6224997   0.62723051 -0.46805556]
 [-0.66511571  0.73918195  0.10597705]]"
m12_elvis_RomeoJuliet_res3500,0.9675210713270103,0.9385881317697643,0.19376480288148468,0.9700958042003542,0.200269336372928,0.2064428435890506,0.799730663627072,0.06137577855940409,13,961867,862360,16.73865201907917,6.534185956116157,2804799742.7152305,"[6.500012872870797, 6.99999788149339]",600,0.0,[-0.10372458  0.18214921 -0.0596151 ],"[[-0.41377362 -0.24310912 -0.87731941]
 [ 0.62500192  0.62484016 -0.46791812]
 [-0.66193956  0.74193849  0.10659871]]"
m12_elvis_RomeoJuliet_res3500,0.9571096511526062,0.9276121968455906,0.21349067198757118,0.969180694948073,0.2230576943096055,0.2301507814510859,0.7769423056903945,0.06386643824989469,10,1186054,1063030,15.959989666548047,5.908646442818669,3353516171.2012362,"[7.000007690418164, 7.499999791468476]",600,0.0,[-0.08893786  0.14896322 -0.06016308],"[[ 0.3707504   0.30894168 -0.87584198]
 [-0.51490816 -0.71646517 -0.47068805]
 [ 0.77292543 -0.62548597  0.10655316]]"
m12_elvis_RomeoJuliet_res3500,0.9191878199882362,0.8904989277939289,0.23371677359231371,0.9687888682046784,0.2542644370497695,0.26245598540057796,0.7457355629502305,0.06569536043216265,30,1292570,1159505,14.943626306538532,5.436058851322981,3516260213.3361945,"[7.500006616769215, 7.999996286406702]",600,0.0,[-0.08348352  0.14780011 -0.05415452],"[[-0.37420074  0.296618   -0.87863051]
 [ 0.53013529 -0.7089583  -0.46511794]
 [-0.76087475 -0.63984052  0.10804505]]"
m12_elvis_RomeoJuliet_res3500,0.9034663975523215,0.8757667458488078,0.26565592709814123,0.9693406951508569,0.2940407388895242,0.3033409619140803,0.7059592611104758,0.06609301598696787,8,1431895,1284748,13.681693214053524,4.466147824288413,3770014485.5705085,"[8.00000063347464, 8.499994636349488]",600,0.0,[-0.07111623  0.12729369 -0.04007335],"[[-0.35599888 -0.32628352 -0.87567338]
 [ 0.48433351  0.73695927 -0.47149983]
 [-0.79917823  0.59197137  0.10432663]]"
m12_elvis_RomeoJuliet_res3500,0.7468302826532205,0.7270998466698894,0.3249196151627512,0.973581098086655,0.4350648637444483,0.44687069685254377,0.5649351362555517,0.06431312633274879,19,2301530,2069429,9.865616913040219,3.3261815196474243,5777453267.426139,"[8.500002740922731, 8.99999694565198]",600,0.0,[-0.03566883  0.0712544  -0.01682811],"[[-0.34822201 -0.33254356 -0.87644521]
 [ 0.47112576  0.74621904 -0.47031656]
 [-0.81042085  0.57669049  0.10318006]]"
m12_elvis_RomeoJuliet_res3500,0.8542609326863077,0.8349188374585294,0.3894981138011584,0.9773580945965126,0.4559474733046064,0.4665101520367899,0.5440525266953936,0.05652125013772287,12,1559199,1402116,9.90907629309648,3.65676908733513,3860583281.0799594,"[9.000004442117898, 9.49999708617626]",600,0.0,[-0.04106315  0.06884054 -0.00453739],"[[ 0.31606157 -0.35882161  0.87826655]
 [-0.4057062   0.7856923   0.46700118]
 [ 0.85761738  0.50391931 -0.10275099]]"
m12_elvis_RomeoJuliet_res3500,0.9357504731465799,0.9146489612392869,0.45264393376645673,0.9774496380040968,0.4837229013033613,0.4948826849955147,0.5162770986966387,0.058213443336212145,12,1863108,1674904,10.586763691114655,3.5511088965448154,4525649716.124623,"[9.500000293250245, 9.999998461595444]",600,0.0,[-0.03079201  0.0668914  -0.00819146],"[[ 0.31626724 -0.35836341  0.87837959]
 [-0.40453889  0.78655667  0.46655857]
 [ 0.85809284  0.50289589 -0.10379017]]"
m12_elvis_RomeoJuliet_res3500,0.7674183053392376,0.748369715549294,0.409510162112001,0.9751783484216953,0.533620529068533,0.547203011564178,0.46637947093146703,0.06854561109911816,9,1576364,1416803,12.765349188225336,3.168995751469023,3746940401.0921097,"[10.0000042509905, 10.499997976723993]",600,0.0,[-0.03100753  0.06459982 -0.00297027],"[[ 0.3522906  -0.330952   -0.8754211 ]
 [-0.46928933  0.74682509 -0.47118978]
 [ 0.80972764  0.57682152  0.10778722]]"
m12_elvis_RomeoJuliet_res3500,0.9004007575164976,0.882032497413816,0.4700754928226168,0.9795999059870347,0.5220736309898139,0.5329457749016194,0.47792636901018615,0.05551533161680975,9,1233511,1109653,12.940636526822313,3.778796779261368,2836847820.4048038,"[10.500000984822035, 10.99999726142319]",600,0.0,[-0.03943385  0.07424395 -0.01676625],"[[-0.3546251  -0.32661166  0.87610836]
 [ 0.48194549  0.73909039  0.47061017]
 [-0.80123004  0.58912665 -0.10469099]]"
m12_elvis_RomeoJuliet_res3500,0.6592669733655102,0.6454194094082587,0.4355595947655795,0.9789955139318436,0.660672553551529,0.6748473758558245,0.339327446448471,0.07376559887323811,15,1281753,1151161,11.468239296104702,2.945261889149712,2930853060.8111596,"[11.000011229825068, 11.499998558028393]",600,0.0,[-0.02423064  0.04471283 -0.00889385],"[[ 0.32131998 -0.35375028  0.87841574]
 [-0.41708129  0.77992257  0.4666519 ]
 [ 0.8501745   0.51631534 -0.10306208]]"
m12_elvis_RomeoJuliet_res3500,0.6257142034963129,0.6115301234137809,0.4375446775199773,0.9773313758849081,0.6992724075546026,0.7154916181028755,0.3007275924453974,0.08771388275295197,9,1075587,967112,11.338932530806009,2.5531231466310835,2402996959.905285,"[11.50000515295494, 11.999996776140579]",600,0.0,[-0.01283171  0.04002776  0.00891287],"[[ 0.35909672  0.32947212  0.87321112]
 [-0.48425022 -0.73404711  0.47610562]
 [ 0.79784163 -0.59382065 -0.10404696]]"
m12_elvis_RomeoJuliet_res3500,0.5652984215387606,0.5530257714828801,0.4171098588646886,0.9782899622778461,0.7378578162827734,0.7542322263684975,0.26214218371722664,0.09427561431791708,12,710136,638590,13.543743985586946,2.1628452231522926,1579140285.3669803,"[12.000001994086428, 12.499997323558372]",600,0.0,[-0.01588328  0.00956707  0.02214775],"[[ 0.3389351   0.33250673 -0.88009219]
 [-0.46908526 -0.75116414 -0.46444747]
 [ 0.81552561 -0.57025583  0.09862189]]"
m12_elvis_RomeoJuliet_res3500,0.9806951389169911,0.9699335214088652,0.7040229054820959,0.9890265413979616,0.7178815082733743,0.7258465554004937,0.28211849172662573,0.04503595222448614,11,429895,387242,16.900896718487502,4.512478500272313,922941183.1488135,"[12.500001216744709, 12.999999793540466]",600,0.0,[-0.02971657  0.04403782  0.01132412],"[[ 0.31490877  0.35480668  0.88030942]
 [-0.38852018 -0.7980414   0.46063216]
 [ 0.86595874 -0.48707509 -0.11346068]]"
m12_elvis_RomeoJuliet_res3500,0.7135098931154953,0.7018988505822223,0.5152535224086512,0.9837268653941517,0.7221392826928155,0.7340851491368741,0.27786071730718453,0.06746175979823284,9,67655,60972,19.980062786635227,3.3398992489135604,143971206.65254238,"[13.000004498237221, 13.631442192667546]",600,0.0,[-0.03414718 -0.00726089  0.0642388 ],"[[ 0.37468477 -0.283305   -0.88280779]
 [-0.5605746   0.68919482 -0.45909326]
 [ 0.73848997  0.66689488  0.09941722]]"
