Simulation,a,b,c,b/a,c/a,c/b,ellipticity,triaxiality,Iterations,Initial Particles,Remaining Particles,Max Radius,r_50,mass,Center of Mass,Rotation Matrix
m11a_res2100,1.957884720168379,1.203993618014015,1.104799793740559,0.6149461230334701,0.5642823514377014,0.917612666056257,0.43571764856229855,0.9123453060348266,5,81964,73735,7.874562269523314,3.729712578222077,111056241.53345518,[ 0.00999087 -0.0113139  -0.26116878],"[[-0.46263192  0.17879145 -0.8683348 ]
 [ 0.85263841 -0.17857561 -0.49103818]
 [ 0.24285685  0.96754554  0.06982968]]"
m11b_res2100,1.8353148330051023,1.573010616555948,0.5900697284284022,0.8570794439558561,0.32150872309043327,0.37512126251273453,0.6784912769095668,0.2960130633496887,6,77615,69824,7.329404668800882,3.380908330410573,103638667.29158469,[ 0.08557206  0.04077815 -0.06171264],"[[-0.55975477  0.11972227  0.81996413]
 [ 0.57339564  0.77032435  0.2789585 ]
 [-0.59824079  0.6263122  -0.49984096]]"
m11c_res2100,2.2995112775572624,1.4544333653477761,1.3048514796638433,0.6324967307369763,0.567447306042338,0.897154528184132,0.43255269395766205,0.8848742477850804,6,597830,536627,10.995053910645701,4.0193395161235355,810069371.8509759,[-0.12503062  0.16710841 -0.15866092],"[[-0.47699617 -0.58902795 -0.65231949]
 [ 0.85444456 -0.13689612 -0.50118255]
 [-0.20591052  0.796433   -0.56859066]]"
m11d_res7100,4.609422194983158,2.5502757699759684,2.3132475781994857,0.5532745021169159,0.5018519632931863,0.9070578191711729,0.49814803670681373,0.9274775476180959,5,791342,708309,19.467062029618972,9.278116164669646,3861349087.380842,[ 0.77722156  0.56522338 -0.57103764],"[[-0.80411327  0.58960536  0.07594315]
 [-0.44021759 -0.50472599 -0.74260363]
 [-0.3995126  -0.63056894  0.66541152]]"
m11e_res7100,3.108557886013871,1.4759358695662894,1.016383244182929,0.47479761474182935,0.3269629459872293,0.6886364544291467,0.6730370540127707,0.8672840222683675,30,279844,250558,13.802631524849188,5.473562174733992,1333602614.4364321,[ 0.32388    -1.18746072 -0.03398149],"[[ 0.09958809  0.99440454 -0.03523948]
 [-0.31543308  0.06513941  0.94670947]
 [-0.94370768  0.08316529 -0.3201552 ]]"
m11h_res7100,2.804187560524512,2.586978607028828,1.0558535232768733,0.9225412178010461,0.3765274256759702,0.40814157504361126,0.6234725743240298,0.17351782745482486,6,717722,642228,10.755044367689361,5.146792530633533,3565480102.3730607,[-0.38151962  0.39756092 -0.05300057],"[[ 0.95896598  0.2388023  -0.15283228]
 [ 0.22215026 -0.96780877 -0.11830235]
 [-0.1761633   0.0794962  -0.98114568]]"
m11i_res7100,2.8538956679685223,1.793548826709102,1.3427019212951097,0.6284563401667017,0.47048038103329826,0.7486285855728667,0.5295196189667017,0.7770423406976862,5,185548,166237,11.413519791287408,5.1503080906538825,891741155.6026039,[0.05886628 0.03919974 0.08225577],"[[ 0.84523252  0.49188717 -0.20887558]
 [ 0.17870065 -0.62851803 -0.75698822]
 [-0.50363486  0.60250486 -0.61914443]]"
m11q_res7100,2.0159536963751705,1.5098123130972683,0.9260438227105202,0.7489320393677787,0.4593576848394948,0.6133502917397791,0.5406423151605052,0.5565349528751676,6,129669,116096,10.669459680191434,3.3207225508108387,599385184.9235395,[ 0.02408284  0.00547592 -0.02680546],"[[ 0.52228455  0.84626193  0.10516465]
 [-0.69984612  0.35488744  0.6198954 ]
 [-0.48727226  0.39736086 -0.77760535]]"
m11v_res7100,1.679689490793077,1.6059181464887955,1.2397567171043238,0.9560803680033445,0.7380868451578892,0.7719924703603027,0.26191315484211075,0.188719424031649,5,484370,433190,7.727972272934074,2.9356627935584254,2369664315.8319936,[-0.00429778  0.15064611 -0.05269222],"[[ 0.59221816 -0.70239941 -0.39485784]
 [ 0.5689755   0.01753755  0.82216745]
 [ 0.57056509  0.71156694 -0.41003411]]"
