Simulation,a,b,c,b/a,c/a,c/b,ellipticity,triaxiality,Iterations,Initial Particles,Remaining Particles,Max Radius,r_50,mass,Center of Mass,Rotation Matrix
object_525,2.440952455606778,1.3846250294068114,0.68513188481738,0.5672478487757427,0.28068219159437424,0.494814025650611,0.7193178084056258,0.7362320762130153,30,3154,2811,14.098395191009852,7.253202622812528,128315048.13978598,[ 1.13681264  0.28636832 -1.6683928 ],"[[ 0.0847125   0.71096009 -0.69811142]
 [-0.88073777  0.38107558  0.28121589]
 [-0.46596649 -0.59103059 -0.65845127]]"
object_554,12.368646185924739,2.9110348103705763,1.5203824715105334,0.2353559772518413,0.12292230278530378,0.5222824770401794,0.8770776972146962,0.9590994536341927,30,1920,1643,17.43653147696354,1.2923507693334115,73085663.42380172,[-21.07442542  68.22872681 -23.21470056],"[[ 0.1746879  -0.17512829  0.96892426]
 [-0.95973252 -0.25015264  0.12781686]
 [ 0.21999461 -0.95223618 -0.21177496]]"
object_573,2.03141963265601,0.8928875174986584,0.6688149581867713,0.43953868671203067,0.3292352537286051,0.7490472708817729,0.6707647462713948,0.9048923168007571,30,2847,2535,13.996724947363987,5.484630834477989,116321568.48421478,[ 0.0522401  -1.17700911  0.13739773],"[[-0.11369841  0.06154113 -0.99160746]
 [-0.98417295 -0.14352853  0.1039383 ]
 [ 0.13592748 -0.98773086 -0.07688608]]"
object_619,2.3347909079652625,1.3288133235971251,0.9814853814706818,0.5691358995205131,0.42037399499984884,0.7386179563686045,0.5796260050001512,0.8212025598439533,22,2282,2042,13.50351614507336,7.079411541385681,94893356.20148289,[-0.56895799 -0.59433202 -1.12614777],"[[ 0.08433623 -0.63717878 -0.76608786]
 [ 0.36022506 -0.69733272  0.61964908]
 [-0.92904537 -0.32822291  0.17071735]]"
object_638,1.722606986758759,0.7808418105080995,0.6756103844614335,0.45329074856321355,0.39220227809052116,0.865233361443349,0.6077977219094788,0.938960934860752,30,2702,2419,11.505325341880928,5.55253297816538,108833861.58586141,[0.72465901 1.21462243 0.59385686],"[[ 0.87140502 -0.43898227 -0.21897   ]
 [ 0.38214495  0.32755411  0.86410274]
 [ 0.30760126  0.83666174 -0.45318715]]"
object_648,1.5069585054619317,0.7592388017295836,0.509913133301688,0.5038219692033605,0.33837237817333465,0.671611003204895,0.6616276218266653,0.8426425072001287,8,1790,1607,11.494186122122775,4.618142726568983,75145885.92185214,[-0.12387841 -0.20146383 -0.9960894 ],"[[ 0.40234692  0.8360987   0.37290203]
 [ 0.58332951 -0.54806839  0.59945619]
 [ 0.70558036 -0.02366459 -0.70823467]]"
object_652,9.462895197547695,1.3529729283703231,0.8621663347487297,0.14297663665565538,0.09111020641675918,0.637238422639559,0.9088897935832408,0.9877571221010101,19,2005,1793,19.952343988662406,18.02061157375527,80997153.89302537,[-1.96431664  8.46117518  9.88902508],"[[ 0.00368679 -0.03215373  0.99947614]
 [-0.80668928  0.59056713  0.02197454]
 [-0.59096431 -0.80634769 -0.02376077]]"
object_665,1.874068982876789,1.2695652287587973,0.6440541728897408,0.6774378319894883,0.3436662037387149,0.5073029398571404,0.6563337962612851,0.613541157744695,30,2110,1878,9.483377624607545,5.022408730363095,88009563.62319714,[-1.32515156 -4.53958264  0.01954396],"[[ 0.07520535 -0.39941016  0.91368248]
 [ 0.9863894  -0.10456053 -0.1268978 ]
 [ 0.1462194   0.91079011  0.38611044]]"
object_668,2.005246572238802,1.6382072881533853,0.7921247715405793,0.816960522876931,0.39502611923489983,0.4835314659315645,0.6049738807651002,0.3940681129275167,21,2798,2505,11.471856969192256,5.370568189271956,113675548.91736452,[ 0.73415975 -3.37716297  2.76169685],"[[-0.3384619   0.60844674 -0.71779949]
 [-0.92971601 -0.09855586  0.35484486]
 [ 0.14516085  0.78745115  0.59904008]]"
object_678,2.05015578706655,1.4710736098599613,0.8308575925200481,0.7175423541665757,0.40526558896720455,0.5647967490893548,0.5947344110327955,0.5804693747946535,28,3185,2847,12.84644744383498,5.581080063702049,129507545.92692167,[-2.22178967  0.54006121 -0.33594295],"[[-0.36086314 -0.77982363  0.51152018]
 [-0.63672947  0.60676352  0.47582939]
 [-0.68143479 -0.15399069 -0.71549528]]"
object_688,1.1594586255496222,1.078084510069176,0.6223444128102735,0.9298171459616577,0.536754308516409,0.5772686714238574,0.46324569148359096,0.19025293166586627,16,1917,1718,8.550907423942819,3.5643663306273963,80072395.29500043,[ 1.20471126  0.6492981  -0.75342151],"[[-0.85579182 -0.43972327 -0.27251386]
 [-0.30939268  0.85723449 -0.41161291]
 [-0.41460406  0.26794117  0.86966143]]"
object_691,1.9557013990706282,1.1800489117538482,0.8323307872758232,0.603389102403169,0.4255919577862737,0.7053358373414973,0.5744080422137263,0.7765828977888168,30,1950,1735,10.373447521797498,4.995925198795079,80102159.70740947,[-0.64334436  1.12748974  2.67596688],"[[ 0.43058127 -0.13902861  0.89177958]
 [-0.31450963  0.90302118  0.29263704]
 [-0.84598077 -0.4064773   0.34509817]]"
object_699,1.658884699672933,0.8454523682144668,0.744440743784372,0.5096510736286596,0.4487597865789868,0.8805235774033918,0.5512402134210133,0.9269248685685751,9,2214,1986,9.310983785594692,4.917081244863171,91416424.77573338,[0.01351454 0.30746912 1.28563882],"[[ 0.45606253 -0.55076929  0.69904231]
 [-0.57539734  0.41673702  0.7037387 ]
 [ 0.67891447  0.72317594  0.12685305]]"
object_700,2.659046539612305,1.8080514138801407,0.8639248885402692,0.6799623048883374,0.32490025115026056,0.47782097450771965,0.6750997488497394,0.6011038952200629,21,3026,2711,13.07003891040418,6.935519003733839,125109573.13715397,[-1.23977221 -2.20952235 -0.71286922],"[[-0.79097603  0.60129662 -0.11313398]
 [ 0.6102111   0.76174512 -0.21768507]
 [ 0.04471404  0.24121928  0.96944   ]]"
object_701,2.485962879107923,0.9770195477408234,0.629211776296164,0.3930145361186659,0.2531058615492899,0.6440114506931817,0.7468941384507102,0.9034146447796132,30,1084,876,12.47789333573213,7.1795410888074445,40183839.94930938,[0.51736182 0.91100043 0.00991729],"[[-0.69802576  0.57734641 -0.42359315]
 [-0.34141422  0.25165024  0.90559841]
 [-0.62944131 -0.77675175 -0.02145592]]"
object_702,2.5133368387577835,1.7454659549337954,0.8342585637283061,0.6944815068228148,0.331932652584935,0.47795751121364555,0.668067347415065,0.5817974659949846,16,2922,2619,13.813422637062539,7.101653372193476,119805350.63785532,[ 4.57808419 -2.44396135  2.30405418],"[[-0.39228035 -0.87309423 -0.28952133]
 [ 0.73790685 -0.48661596  0.467652  ]
 [-0.54918996 -0.03018908  0.83515209]]"
object_731,1.9464881651712806,1.593242038504133,0.97793599239928,0.8185213077645074,0.5024104486724309,0.613802528909824,0.4975895513275691,0.44145271038858663,19,1963,1752,15.775508870077221,5.861883836198195,80162871.405677,[5.15384809 0.53950718 1.50141265],"[[ 0.97336235  0.03423673 -0.22670153]
 [ 0.1761027   0.52151427  0.83487167]
 [ 0.14681136 -0.8525554   0.50159318]]"
object_738,1.6188237397135028,1.3739520651631172,0.6748676869003949,0.848734813714974,0.41688768847671587,0.4911872138860054,0.5831123115232841,0.33847451019467384,30,2306,2057,10.426042862174453,5.026717999050762,93201409.6170453,[-0.8147561  -1.81535164  2.1206632 ],"[[-0.60206276  0.36147335  0.71193922]
 [-0.12753179 -0.923741    0.36116231]
 [ 0.78819799  0.1266475   0.6022494 ]]"
object_742,1.3702649262864113,1.0828271480956952,0.7804380046033846,0.7902319670622321,0.5695526387867702,0.7207410767045279,0.4304473612132298,0.5558436879892497,30,1892,1686,8.06060763904933,4.035129330367797,76461594.83859836,[ 0.54458514 -0.86156678 -0.01389544],"[[-0.08559162  0.32940332  0.94030183]
 [-0.76581393 -0.62546618  0.14940243]
 [ 0.63734065 -0.70730864  0.30579631]]"
object_743,2.546308460394805,1.307524778027625,1.1767925813569104,0.5134981870283277,0.4621563332411222,0.9000155110881177,0.5378436667588777,0.9363031819595959,19,2157,1930,10.390794632735235,6.2227110958838585,88073264.27832744,[-1.88243791 -1.32797913 -1.98000875],"[[ 0.61091501 -0.7839068  -0.11078347]
 [ 0.7644694   0.5477196   0.33998496]
 [ 0.20583824  0.29239249 -0.93388289]]"
object_749,1.2863708051228604,0.6836992526539216,0.5786079270238427,0.5314946902799321,0.44979870867683464,0.8462901265108232,0.5502012913231653,0.8994990287593745,30,3242,2897,9.359799147182438,4.450492510024345,131975155.73572263,[-0.73800763  0.49355853  0.7147236 ],"[[-0.39574494  0.90612389 -0.14941703]
 [ 0.60521926  0.13495893 -0.78453537]
 [-0.69072107 -0.40090596 -0.60181294]]"
object_765,1.2591587366807024,1.126804596457265,0.583808791559572,0.8948868507458089,0.463649875549896,0.5181100551019214,0.536350124450104,0.2537200242373394,15,2982,2668,7.692157892597605,3.807743287129187,121132137.55989285,[-2.31081444 -0.85994005 -0.43331464],"[[-0.44934512  0.85803056  0.24874189]
 [-0.13772634  0.20857116 -0.96826108]
 [ 0.88267798  0.4693417  -0.02445297]]"
object_772,1.5046602538462717,0.9907823627419832,0.7743718206299133,0.658475798911619,0.5146489505856445,0.7815761056614338,0.4853510494143555,0.7704822912058942,30,2381,2126,11.026095928836668,5.210264562462346,96510809.14816871,[ 2.26547851 -0.85907668 -1.61785494],"[[ 0.7875757   0.61318736 -0.0610391 ]
 [-0.28086914  0.44537459  0.8501494 ]
 [-0.54848613  0.65241301 -0.52299161]]"
object_791,2.359794322323608,1.0559878707049055,0.954598715746822,0.44749148716703013,0.40452623634031865,0.9039864398343865,0.5954737636596814,0.956230307764066,24,2512,2247,13.457244080738311,6.628602667480567,103707986.01308225,[1.10375315 1.66593051 2.27508364],"[[ 0.9020335   0.29230941 -0.31763307]
 [ 0.13137058  0.51503174  0.84704432]
 [ 0.41119014 -0.80579     0.42617502]]"
object_795,0.992461015188331,0.6325743586314525,0.5879325763930054,0.6373795534038323,0.5923986608999835,0.9294284037452488,0.4076013391000165,0.914774912116091,30,2559,2270,5.648736045593045,2.700685641155655,105384902.05969772,[-0.50392864  2.09092591  0.70162194],"[[ 0.76395745  0.45624317  0.45630164]
 [-0.39338195 -0.23123538  0.88982068]
 [-0.51148769  0.85928596 -0.00282384]]"
object_800,1.4754469146429112,0.9555463685222768,0.6900318385157631,0.6476318185622686,0.46767649291046515,0.7221332854656506,0.5323235070895349,0.7431061784835173,30,3066,2738,9.053728193525176,3.8886528522148884,126175369.01464918,[-2.08783568  1.32773065 -0.55750227],"[[-0.35559307  0.91781247  0.17656114]
 [-0.06123193 -0.21137899  0.97548428]
 [-0.93263295 -0.33606427 -0.13136433]]"
object_801,1.7242254287821637,0.8934886923136268,0.8164385529300205,0.5181971437138043,0.47351033066869835,0.9137648410702431,0.5264896693313017,0.9428758263822813,18,2813,2522,10.053820625692204,4.955740502860632,114253532.8775422,[-0.32762979 -0.55109516  0.62152289],"[[ 0.18914584 -0.77295628  0.60560915]
 [-0.66991253  0.34934854  0.65511282]
 [ 0.71794224  0.52961702  0.45173527]]"
object_802,1.4694661645848455,1.3748797746092751,0.7960079682524496,0.9356321416204278,0.541698738927642,0.5789655088050631,0.458301261072358,0.17633613410813226,13,1419,1275,8.870125871036752,4.3431467529705445,59166832.44678281,[-0.19345947 -0.42202828 -2.23194882],"[[ 0.63597228 -0.69821489  0.32868713]
 [ 0.44240141  0.67884619  0.58604509]
 [-0.63231342 -0.22729678  0.74061861]]"
object_804,2.4038987929074,1.6092553885122318,0.5943854722756774,0.669435582421469,0.24725894202758708,0.36935434643794546,0.752741057972413,0.5877918203464011,30,1351,1197,12.319335468088703,7.008292195471075,54745734.549215905,[ 4.3155637  -1.48962012 -0.172093  ],"[[-0.75340178  0.61149874 -0.24177478]
 [-0.59169971 -0.79084302 -0.15639303]
 [ 0.28684004 -0.02523128 -0.95764616]]"
object_805,2.145315083399493,1.4455110056737368,0.8621961992265597,0.6737989290520262,0.40189723453596976,0.5964646383475299,0.5981027654640303,0.6511734405937335,30,3264,2908,12.51598521292667,6.6480198272941555,131355613.08713165,[0.28586941 0.66275188 0.70433113],"[[ 0.05140202 -0.53227528  0.84500938]
 [ 0.94348459 -0.25151187 -0.21582076]
 [-0.32740594 -0.80834696 -0.48926531]]"
object_807,1.4446145184701833,0.8468084413576225,0.7334182489421067,0.5861829785944385,0.5076913180401796,0.8660969980014299,0.49230868195982036,0.8843246010664473,12,2060,1845,8.049949731358312,3.6166316551164828,84331480.86272219,[ 0.29768428  1.78005567 -1.19255183],"[[-0.14851926  0.95867101  0.24267659]
 [ 0.69444998  0.27581607 -0.66457861]
 [-0.70404635  0.06982403 -0.70671306]]"
object_811,1.9074318132172337,1.2255426013297939,0.9913550637662232,0.6425092592236319,0.5197328978665408,0.8089111408208398,0.48026710213345924,0.8044934649255073,30,2501,2216,11.571309120807992,5.468229231019237,100778659.77639805,[-0.30171423  0.0366217  -0.40396655],"[[-6.69952361e-01 -5.01487459e-01 -5.47425030e-01]
 [ 4.37798779e-01  3.28643854e-01 -8.36854495e-01]
 [ 5.99579906e-01 -8.00314654e-01 -6.25129130e-04]]"
object_819,1.7831938197802588,1.1229651827325902,0.850635073738435,0.6297493689558502,0.4770289490142232,0.7574901580372464,0.5229710509857768,0.7811779432839783,30,1337,1184,13.446007441197585,5.292060606786266,53507508.64665481,[-0.115425    0.64916181 -2.11533558],"[[ 0.33932647 -0.89915031 -0.27638066]
 [ 0.02108807  0.30101046 -0.95338764]
 [-0.94043226 -0.31768133 -0.12110216]]"
object_823,2.126092429578566,1.194657625592746,0.9969237687610844,0.5619029582027866,0.4688995430733435,0.8344849163511988,0.5311004569266564,0.8771130998289072,30,2394,2138,14.068868647962319,6.456736567215043,96616715.41580388,[-0.60163979 -1.60222819  0.17638444],"[[ 0.68488326 -0.59658687  0.41835277]
 [-0.71703082 -0.44967056  0.5326004 ]
 [-0.12962148 -0.66474092 -0.73574301]]"
object_828,1.6489309693707637,1.0607239268792885,0.8204560812166372,0.6432797652433343,0.49756848313045227,0.7734869181564205,0.5024315168695477,0.7790685750836461,15,2615,2342,9.169022451050846,4.2848778534297205,106987662.00468187,[0.17511826 1.33325904 2.11359031],"[[ 0.00844326 -0.23359311 -0.97229778]
 [-0.97054176  0.23221705 -0.06421782]
 [ 0.24078497  0.94419781 -0.22475119]]"
object_829,1.521823519487516,1.4224972535873484,0.7727701455739415,0.9347320733131944,0.5077922214227422,0.5432489543477981,0.49220777857725784,0.17014949994277798,30,2987,2668,10.036894103065691,4.2514832999373695,120855212.205769,[-0.73967254 -0.125925    0.64622896],"[[-0.0977323  -0.9380973   0.33229783]
 [ 0.06370375 -0.33910837 -0.93858795]
 [ 0.9931718  -0.07056175  0.09290215]]"
object_830,3.3000344373040744,2.467735345501231,1.3277812138227931,0.7477907859401671,0.40235374480137515,0.5380565692522034,0.5976462551986248,0.5259550302961638,22,2386,2135,13.041023424306388,7.92644465772713,96402702.33366682,[-1.95994057  0.71452928 -1.40610687],"[[ 0.28243403  0.87997303 -0.38194043]
 [ 0.81984849 -0.01469764  0.57239185]
 [-0.49807576  0.47479622  0.72559567]]"
object_836,0.6767006063275117,0.4608681937945128,0.3720121292589148,0.6810518410729196,0.5497440460085345,0.8071985315280484,0.45025595399146545,0.7683901080195509,30,1328,1175,7.154176034466216,2.8139896261951884,53809568.27756625,[ 0.10527051 -1.56398479  0.08042815],"[[-0.5415391   0.07499812  0.83732352]
 [ 0.58207969 -0.68519083  0.43783189]
 [ 0.60656297  0.72449211  0.32740274]]"
object_837,1.3213707231329868,1.0454465633329186,0.751503883761345,0.7911833863354801,0.5687305391325151,0.7188352902184934,0.43126946086748486,0.5528509292490114,30,2409,2149,9.455316968608386,3.967259783244529,95721258.561345,[-1.1266514  -0.52075098 -0.5711907 ],"[[-0.75828878 -0.16752516 -0.63002654]
 [-0.39534945  0.88659844  0.24008751]
 [-0.51835985 -0.43113632  0.73852863]]"
object_850,2.014474751603116,1.3723758920862141,0.7948718797963258,0.6812574300045604,0.3945802146012343,0.5791939980729355,0.6054197853987657,0.6347082997756206,30,1759,1558,11.51231812844868,5.672061311970016,70936269.64258015,[-1.27069952  0.94405301 -0.47266625],"[[ 0.08253652  0.93566685  0.34309658]
 [-0.85016248 -0.11353219  0.51413442]
 [-0.52001105  0.3341227  -0.7860983 ]]"
object_853,1.0699912504718894,0.923351403340152,0.5991661793995197,0.8629522932387849,0.5599729709334299,0.6489037404741927,0.4400270290665701,0.3719435900102448,30,1880,1673,6.630751352626192,3.0299225555403178,76204617.03341144,[-0.09320316 -0.92272257 -0.54461275],"[[ 0.38102709 -0.27869057  0.88156107]
 [ 0.90485515 -0.08341894 -0.4174667 ]
 [-0.18988292 -0.95675119 -0.22038972]]"
object_855,1.9258766547244603,1.5656274572156168,1.1367023971829886,0.8129427465538361,0.590225959899607,0.7260363197797718,0.409774040100393,0.5204216579526297,30,3158,2817,10.941838744721645,5.0632946281412785,126777175.25784394,[-0.70498213 -0.34568318  3.10464587],"[[ 0.64943367 -0.14533058 -0.74640132]
 [-0.02456008  0.9770459  -0.2116084 ]
 [-0.76002152 -0.1557573  -0.63095717]]"
object_863,2.3396495840024967,1.0674297441477612,0.9978682533926456,0.45623487869567314,0.42650329357679606,0.9348327221191933,0.5734967064232039,0.9679191206238554,30,1968,1756,15.215114893815926,7.352529818817569,79051629.66961706,[-0.95589599 -0.02207318  1.25951431],"[[ 0.18669899 -0.42019779  0.88801875]
 [ 0.50669013 -0.73322648 -0.45347993]
 [ 0.84167013  0.53461458  0.07601743]]"
object_866,1.6777984892295679,1.3562753562252257,1.1131631260937538,0.8083660611996479,0.6634665207053022,0.8207500939867404,0.3365334792946978,0.6190367519989228,12,2265,2034,8.014597678883653,4.174538977589731,92079615.29886585,[-1.01061638  1.53688886 -0.54943673],"[[-0.25297951  0.84304002 -0.47464185]
 [ 0.63504484  0.51481445  0.57592025]
 [-0.7298763   0.15572284  0.66560572]]"
object_871,2.132844276026748,1.4101069776259032,1.2623824315546521,0.6611392090250376,0.5918774500997936,0.8952387666927482,0.40812254990020636,0.86641732397252,30,2555,2278,11.144690178842144,5.856172922980412,103511002.59827146,[1.47910606 1.79350826 0.0369522 ],"[[ 0.63055078  0.19146578 -0.75216127]
 [ 0.40833178  0.74230599  0.53126921]
 [-0.66005369  0.64212356 -0.38988006]]"
object_872,1.443226211778024,1.2794957599798031,0.8043310625754162,0.8865524680316689,0.5573146163860878,0.6286312840834366,0.4426853836139122,0.3104505244359176,30,1788,1579,7.797111174661635,4.049732210858413,71182628.59363921,[ 0.20061857  0.21989437 -0.29879212],"[[ 0.68085947  0.24657716 -0.6896594 ]
 [ 0.49565238 -0.84836919  0.18600653]
 [ 0.53922083  0.46847563  0.69983676]]"
object_873,1.6182428669277795,0.877855053935226,0.7290695768837987,0.5424742304607382,0.4505316178330705,0.8305124788147479,0.5494683821669295,0.8854490382175974,10,1272,1143,8.253452781095417,4.2811522178903685,51420927.08159052,[ 0.1818555  -1.57573714  1.51415344],"[[-0.32978091 -0.9427035  -0.0505437 ]
 [ 0.57483593 -0.15804585 -0.80286062]
 [-0.74887129  0.29382244 -0.59402034]]"
object_875,1.746221696522208,1.6022201459881678,1.000607932036713,0.9175353560084409,0.5730131139874928,0.6245133882145696,0.4269868860125072,0.23543134767689605,30,2244,1945,9.887713663961673,4.460867347349577,88243344.27864219,[1.49261375 0.88722925 0.92270044],"[[ 0.98100961 -0.18979167 -0.03999081]
 [-0.07738255 -0.572039    0.81656802]
 [ 0.17785411  0.79796648  0.57586232]]"
object_878,1.5700576535559312,1.023263446515955,0.6371539821746726,0.6517362239523025,0.4058156595279288,0.6226685653084529,0.5941843404720712,0.6886513755120902,30,2151,1905,11.737601861468052,5.021374527316298,86583420.79588963,[-0.65081306 -1.21207954 -0.0948334 ],"[[ 7.32004216e-01 -3.43878980e-01  5.88147154e-01]
 [-2.43642213e-04  8.63139601e-01  5.04965315e-01]
 [ 6.81300057e-01  3.69780037e-01 -6.31738044e-01]]"
object_881,1.8349090636200345,1.2981126013586266,0.9417451984466261,0.7074533703581043,0.5132380765446144,0.7254726573495855,0.4867619234553856,0.6781411400886707,26,2265,2021,9.854982029019975,4.821769765827574,90987704.75252709,[-0.52086572  0.54183059 -0.91443809],"[[-0.31516632  0.90590505 -0.28285374]
 [ 0.69079919  0.01461741 -0.72289889]
 [-0.65074316 -0.42322852 -0.63040539]]"
object_887,1.770256052757177,1.096964136272277,0.7919962394537318,0.6196641071012036,0.44739078181384906,0.7219891820211255,0.5526092181861509,0.7701730947250556,25,2305,2062,9.178197497900566,5.299179214140386,91734111.39925556,[ 0.81174741 -0.2593877  -0.78059826],"[[ 0.84130356  0.19764118 -0.50313646]
 [-0.53316494  0.14992734 -0.83262053]
 [-0.08912619  0.96874133  0.23150975]]"
object_889,1.6155681833550566,1.1512708870716406,0.7986456669136234,0.7126105223741112,0.49434352269495235,0.6937078630947138,0.5056564773050476,0.6513635481732301,30,1560,1390,9.790285981427878,4.846959126728161,62393238.72347617,[ 0.49059755 -0.91337609 -0.76121343],"[[ 0.17538669 -0.22364821 -0.95876013]
 [-0.81997265 -0.57216396 -0.01653056]
 [-0.54487096  0.78905632 -0.28373536]]"
object_897,1.279184347981876,0.6574496607325814,0.6159811039009568,0.513960057258218,0.4815420895923003,0.9369251224718603,0.5184579104076996,0.9579853754898692,30,1675,1486,8.599238127982522,4.087829414583859,66928099.53194125,[-0.30214795  0.12514703  0.05642581],"[[ 0.06424113 -0.28404108  0.95665759]
 [ 0.67292533  0.72022716  0.16865451]
 [-0.73691559  0.63292456  0.23740664]]"
object_899,1.8596444933398943,1.3204387907112802,0.5963049184192368,0.7100490418681,0.3206553298519342,0.4515960320266156,0.6793446701480659,0.552654171992652,25,1053,937,8.705336115498916,4.718710054870464,43497992.26491901,[-2.60454251 -0.02024017 -1.06317915],"[[-0.82045809 -0.55812853 -0.12385905]
 [-0.45158208  0.76553582 -0.4582887 ]
 [-0.35060253  0.32007414  0.8801309 ]]"
object_903,1.547779840733623,1.268816072336097,0.7042047984451637,0.819765213982047,0.45497736817103257,0.5550093617182891,0.5450226318289675,0.4136025423590864,22,1972,1761,7.932820377878611,4.146567832596296,79490888.73791844,[-0.66743503  0.45125607 -2.6934008 ],"[[ 0.58683379 -0.40969677  0.69840866]
 [ 0.08324466 -0.82744746 -0.55533867]
 [ 0.80541693  0.38403029 -0.45146906]]"
object_906,2.0882441177324065,1.2550929031582365,0.8550364551019579,0.6010278647503738,0.4094523469940044,0.6812535175287807,0.5905476530059957,0.7674252964189818,30,2217,1970,9.126543514156001,5.769929645920614,89647275.24213475,[ 2.87259595  0.51514049 -0.07845078],"[[ 0.17409408  0.9086256  -0.3795929 ]
 [ 0.15674159 -0.40613435 -0.90027049]
 [-0.97217453  0.09723376 -0.21312501]]"
object_908,1.3786048699448525,0.677556229970409,0.6379668399679573,0.4914796434728341,0.4627626478597,0.941570325455969,0.5372373521403,0.9651295461248935,30,1637,1455,9.022038102992564,3.8933933932134805,65496872.56346217,[1.80829696 0.67845869 0.72170862],"[[-0.99095919 -0.02702721 -0.13141313]
 [-0.08807488  0.86993473  0.48523849]
 [-0.1012062  -0.49242573  0.86445023]]"
object_909,1.8379228611143221,1.3866103466164825,0.83438725825252,0.7544442565863665,0.4539838291943525,0.6017460206384138,0.5460161708056475,0.5426559749011176,30,2491,2223,11.870476634864165,5.691224499455676,101461050.7611363,[ 1.52747322 -2.70233795 -1.89702225],"[[-0.41617758  0.62095523 -0.66423702]
 [ 0.90928137  0.28573539 -0.30259324]
 [-0.00189916  0.72991088  0.68353969]]"
object_910,1.2837638471453217,0.8525695763565041,0.7669458311116898,0.6641171413670395,0.5974197145504065,0.8995697857168076,0.40258028544959346,0.8691609208944587,30,1221,1081,10.771378872966245,3.715153114634386,48850976.67013708,[-0.82692642 -0.34872168 -0.96436811],"[[ 0.81412454  0.21825776  0.53811225]
 [-0.10808421 -0.85352792  0.50971354]
 [ 0.57054276 -0.47313173 -0.67128781]]"
object_913,1.2413851042269484,0.7788604414467103,0.5448520519231296,0.627412427291636,0.43890654887664937,0.6995502954432798,0.5610934511233506,0.7510315893664246,30,1312,1159,8.835055064960759,4.190087617904439,52198638.05529399,[-0.27464313 -0.57968381 -1.16344358],"[[-0.29771522 -0.16978178  0.93943589]
 [-0.79765301  0.58490934 -0.14707389]
 [-0.52451436 -0.79313001 -0.30956336]]"
object_915,1.3197535680705308,0.796976611963217,0.7349930090028014,0.603882899993512,0.5569168568927269,0.9222265722356274,0.44308314310727315,0.9209702456228065,30,1191,1056,6.6503611031871905,3.540461035601405,46140837.85436125,[ 0.59370924  0.36346111 -0.25347029],"[[-0.57319008 -0.49140425  0.65572479]
 [ 0.45828176 -0.85561998 -0.24060816]
 [ 0.6792871   0.1625925   0.71563448]]"
object_916,1.7653569101049473,1.0675629678932563,0.7464704841692882,0.6047292543408639,0.42284394724742197,0.6992285294818567,0.5771560527525781,0.7724064961046355,30,1821,1623,11.657918447126644,4.908209900869334,72971901.64070919,[ 0.88066487 -1.55990508 -1.36115964],"[[ 0.11221738 -0.69056648  0.71451046]
 [-0.77703812 -0.50917359 -0.370073  ]
 [-0.61936986  0.51367324  0.5937346 ]]"
object_918,1.7671588491257866,0.9594734163205387,0.8347098444422907,0.542946898517465,0.47234567784057535,0.869966619443506,0.5276543221594246,0.9077334812204645,30,2498,2230,9.293426859378696,4.949562698479327,102090531.97551301,[ 3.63088661 -2.84695716  0.94652786],"[[ 0.72338757 -0.39320543 -0.56753846]
 [-0.68732015 -0.33202366 -0.64602732]
 [-0.06558525 -0.85740876  0.51043981]]"
object_919,1.0851116544431432,0.9475899917486473,0.672639955787855,0.8732649657467101,0.6198808694327773,0.7098428240536714,0.3801191305672227,0.3855609962103546,30,2509,2243,5.989799628894321,3.049774521989266,101597983.57989931,[ 0.6195649   0.66509369 -0.30871394],"[[-0.37079017 -0.9279547   0.03761291]
 [-0.87765774  0.36336112  0.31254694]
 [ 0.30369647 -0.08287807  0.94915735]]"
object_923,1.8628475957412711,1.000875868196199,0.7613601588421693,0.5372827441623997,0.40870770136147727,0.7606938912557756,0.5912922986385227,0.8539773195594759,30,2220,1978,9.938942448213176,5.184454410084016,88559142.40166774,[-0.72374734  0.32074972 -1.06321064],"[[-0.42558706 -0.8968465  -0.12059025]
 [ 0.4532506  -0.32660476  0.82939329]
 [ 0.78322382 -0.29832145 -0.54549497]]"
object_930,1.604870199585719,0.9000456677747125,0.6098491424082992,0.5608214720461818,0.37999904451196465,0.6775757767004202,0.6200009554880354,0.8011672448671581,30,1299,1146,12.940808819662621,6.083645217511611,51764816.443494126,[ 0.66303771 -0.20776932 -0.51927282],"[[-0.38197638 -0.81522048 -0.43532702]
 [-0.28261792 -0.34543941  0.89487358]
 [ 0.87989838 -0.46485179  0.09844622]]"
object_931,1.5605383660965884,1.0259849036268462,0.8882381452000115,0.6574557382995758,0.5691869962939666,0.8657419247204308,0.43081300370603337,0.8398372474929268,30,2946,2639,9.356475731300604,4.85052194858203,117472710.47383156,[ 0.73229667 -0.64992904  0.02358757],"[[ 0.25535086 -0.54833265  0.79632107]
 [-0.93826505 -0.3393242   0.0672144 ]
 [ 0.23335516 -0.76432348 -0.60112809]]"
object_934,1.6884282433563707,1.0108463951835351,0.8149289356159191,0.5986907641239801,0.4826553564372678,0.8061847373635396,0.5173446435627322,0.8364181591446803,13,1548,1386,8.560287523436493,4.230045530773797,63102784.9355316,[-1.08922111 -0.59280891  0.40428816],"[[ 0.11209374 -0.98215561 -0.15101439]
 [-0.90213275 -0.03686302 -0.42988094]
 [ 0.41664313  0.18442199 -0.89016686]]"
object_935,0.9068041569002009,0.5292827776363979,0.4444588067735279,0.5836792582046451,0.4901375929868429,0.8397378973076248,0.5098624070131571,0.8677925438811519,30,1088,970,8.607416149518102,3.655007190306604,44776253.91211728,[-0.4143209  -0.17676471 -0.20933637],"[[-0.4341428  -0.87788205 -0.20209685]
 [ 0.20663651 -0.31540574  0.92618603]
 [-0.8768246   0.36033641  0.31833362]]"
object_936,1.3357733655891504,0.9682195081603273,0.6906192333937593,0.7248381597527127,0.5170182691052219,0.713287872815097,0.48298173089477814,0.6477613667049685,30,2423,2159,7.600342904751953,3.5793941978073325,97886585.0175012,[0.19010653 0.36397031 1.40108803],"[[-0.67190041  0.58615457  0.45273907]
 [-0.25625208  0.3895476  -0.88463978]
 [ 0.69489907  0.71040515  0.11153386]]"
object_943,1.280312052339849,0.9874225688623051,0.7900199271203975,0.7712358616461742,0.6170526362511292,0.8000829148868328,0.38294736374887084,0.6543364298801616,18,2000,1791,7.058966331237641,3.3282860132801257,80461219.01868284,[ 0.58890265  0.56830407 -1.11815681],"[[ 0.09425425  0.82352608  0.55939337]
 [ 0.88406822  0.18912307 -0.42738255]
 [-0.45775486  0.53482452 -0.71022758]]"
object_945,1.3455811500894979,0.9290886799206141,0.8297144202079745,0.69047391148339,0.6166216137560995,0.8930411468137459,0.3833783862439005,0.8442473897026005,30,1608,1432,9.780339530824712,4.666059097721585,64511643.48331692,[ 0.30918385 -0.25385874 -1.98147345],"[[-0.00582153  0.81470654 -0.57984426]
 [-0.48386359 -0.50974783 -0.71136009]
 [-0.87512407  0.27642433  0.39717434]]"
object_946,1.6343826037153506,1.3334246181653961,0.6942556356195845,0.8158583033949313,0.4247815866623714,0.5206560807125206,0.5752184133376286,0.40799329213662616,30,2145,1914,9.821293278315931,4.507563776775442,86132992.5345107,[-2.05643955  1.84780639  0.01578507],"[[ 0.77520904 -0.39342186 -0.49423697]
 [ 0.31602683  0.91897238 -0.23583215]
 [ 0.54697165  0.02662707  0.83672756]]"
object_947,1.4630578427721603,0.8545060941833125,0.6713435012164239,0.5840548946200368,0.4588632667758244,0.7856509225461467,0.5411367332241757,0.8346120317059931,18,2636,2356,7.499868682477417,3.9740160648886502,106710459.90181962,[ 1.35858685 -0.31208946 -0.69168072],"[[-0.74406098 -0.66536203 -0.06055262]
 [-0.30496666  0.41887638 -0.8552999 ]
 [ 0.59444814 -0.61792875 -0.51458281]]"
object_948,1.6579609831462252,1.5407809382910043,0.7948583200081972,0.9293227970703782,0.4794191950764948,0.5158801619715222,0.5205808049235052,0.17705363603556495,21,1330,1185,9.245251786502093,4.122834772331969,53666638.56034923,[0.09874507 0.14831792 1.3094787 ],"[[ 0.02214113  0.91127812  0.41119576]
 [-0.53149481 -0.3376308   0.77686466]
 [-0.84677213  0.23574907 -0.47686407]]"
object_951,1.341426413746204,1.1026030012383496,0.7136895696659536,0.8219630908855509,0.5320378086732551,0.6472770061975148,0.4679621913267449,0.4524487279488804,30,2231,1992,9.164785613573777,3.934909347153741,90145901.75163572,[ 2.1598722  -1.76842211 -0.40150949],"[[ 0.52364128 -0.69304768 -0.49546415]
 [-0.27523315  0.41276651 -0.86825718]
 [-0.80625463 -0.59102346 -0.02539189]]"
object_953,1.9054864809179817,1.3375279363325805,1.0801591704425768,0.7019351487018773,0.5668679265161737,0.8075787735726155,0.4331320734838263,0.7474825148076103,20,1383,1235,9.094944632603445,4.988970134494109,56139237.2375966,[ 3.55521337 -1.75448685 -1.0015486 ],"[[-0.95040392 -0.31024628 -0.02190052]
 [-0.22507664  0.73467426 -0.6399955 ]
 [-0.21464598  0.60332494  0.76806648]]"
object_955,1.6065682837925503,0.7081126672994758,0.6597993485155641,0.4407610149180011,0.41068864309832304,0.9317717066576936,0.589311356901677,0.969200002793148,12,1767,1582,8.934032378205032,4.743875173752022,71510192.02216133,[ 1.43602209 -0.16932212  0.22136711],"[[ 0.99506704  0.04045475 -0.09058143]
 [ 0.02314716  0.79319387  0.60852912]
 [-0.09646653  0.60762398 -0.78834467]]"
object_956,1.9693924891446852,1.0522852548900001,0.8284424633379256,0.5343197258495749,0.420658892477914,0.787279361264571,0.579341107522086,0.8681195790671979,16,1899,1700,10.910450015542976,5.636427699736818,76668529.79567301,[-0.41575063 -0.44402986 -0.74289529],"[[-0.41949663  0.65667016  0.62674307]
 [-0.12792174  0.64077638 -0.75699515]
 [-0.89869828 -0.39773098 -0.18480115]]"
object_963,1.7892119266159752,1.5798307345046083,0.9579831799772175,0.8829757453565716,0.5354218612823012,0.606383430233502,0.4645781387176988,0.3089115311543876,26,3267,2927,13.440609658036342,6.195265910081492,132271215.4271327,[-2.03675912  1.18649537 -0.06315889],"[[-0.83695569 -0.52486145 -0.155002  ]
 [-0.43181229  0.45933885  0.77623835]
 [-0.33621915  0.71660887 -0.61108789]]"
object_968,1.961658396889159,1.4064415929028125,0.8726970148628208,0.716965601724122,0.4448771591663273,0.6205000045978629,0.5551228408336727,0.6058718739604977,29,2698,2412,10.328411524205604,5.5301057656905535,108635224.90530339,[ 0.68413398 -1.43011473 -1.65367017],"[[ 0.42741572 -0.45539688  0.78097982]
 [-0.67597709 -0.73460451 -0.0584053 ]
 [-0.60030889  0.50296113  0.62181938]]"
object_972,0.8971527907367822,0.7102148254238309,0.6047361497440064,0.7916319636486562,0.6740614931904406,0.8514834217704783,0.3259385068095594,0.6841838560273454,30,1210,1074,5.057289856607388,2.5278841260940736,48343212.63895498,[ 0.23178334 -1.27159725  0.03023105],"[[-0.95149412 -0.11083612  0.28700923]
 [-0.05156587 -0.86221153 -0.50391689]
 [ 0.30331486 -0.49427384  0.81467384]]"
object_974,1.479793920754226,1.2107018737622894,0.546791574126274,0.8181557288363606,0.36950521721807283,0.4516318888869843,0.6304947827819272,0.38290013015900903,30,1185,1040,9.718018419152154,5.073188289849516,47369649.71474919,[ 0.56042083 -1.89850502 -0.80975371],"[[-0.20305046 -0.46562468  0.86137342]
 [-0.97427305  0.18392837 -0.13023968]
 [ 0.0977882   0.86565814  0.49099232]]"
object_978,2.2393104423216714,1.5895611632110391,1.07714869768324,0.7098440364360622,0.48101803007111166,0.6776390381275512,0.5189819699288883,0.6454689909820198,28,1327,1181,10.262315698844546,5.671696268588986,53962064.74385581,[0.50136937 0.91011173 0.43718186],"[[ 0.60672676  0.64894525 -0.45907809]
 [-0.47824213  0.75930731  0.44129002]
 [-0.63495441  0.04819198 -0.77104503]]"
object_981,2.127626096785752,1.3009011719612602,0.9307196585892069,0.6114331714235682,0.4374451225218867,0.7154422477658611,0.5625548774781133,0.7743224554470861,30,2662,2380,11.597026912767369,6.041633765805795,106916513.5694035,[ 1.38220696 -0.77404485 -0.08697784],"[[ 0.50912543  0.61494625  0.60218967]
 [-0.53108709  0.77503538 -0.34244221]
 [-0.67730185 -0.14546912  0.72118024]]"
object_985,1.3090673753509918,0.7924109797225309,0.5750573241281637,0.6053248248663037,0.43928779752377317,0.7257059011594269,0.5607122024762268,0.785082110227485,18,1710,1530,11.045401719157342,5.11741630724314,68025978.45264937,[-0.61932575  1.33502836  1.49538998],"[[ 0.29515652 -0.73193279  0.61413111]
 [-0.32292318  0.52852208  0.78510193]
 [ 0.89922369  0.43004513  0.08036133]]"
object_986,1.1943566638247434,0.7079984988365965,0.6244041020758928,0.5927864935833659,0.5227953432907845,0.8819285677892419,0.4772046567092155,0.8925519958596309,30,1583,1410,6.965250473980945,3.450178587391691,62871326.88170615,[0.05080554 0.06556229 0.12030968],"[[ 0.90441022 -0.35752936  0.23284095]
 [-0.38954721 -0.4693101   0.79246515]
 [ 0.17405495  0.80741612  0.56372341]]"
object_987,1.5421864966378984,0.9521749899261497,0.7575151725816763,0.6174188348827944,0.49119556826176713,0.7955629801203127,0.5088044317382329,0.8155687786242577,30,1260,1118,8.22579378697501,4.465875671574786,50002242.010140605,[-0.3615328   0.02076443  1.20030519],"[[-0.14364768  0.27167386  0.95160846]
 [-0.50053517  0.80957449 -0.30668174]
 [ 0.85371535  0.52036762 -0.01968883]]"
object_991,1.2205098395747045,0.7623766639442565,0.6975858750064419,0.6246378679010995,0.5715528481519827,0.9150147269689356,0.4284471518480173,0.9056925155920083,26,1078,962,7.3912520250110445,3.445071876660822,42890348.04652701,[ 0.18181439 -0.18473963 -0.19442067],"[[ 0.6640764   0.71253492 -0.22648737]
 [-0.17771159 -0.14381779 -0.97351684]
 [ 0.72623765 -0.68673899 -0.03111971]]"
object_994,1.5439946986363975,1.0991644957545994,0.9796596616088428,0.7118965477830612,0.6344967780485543,0.8912766609480831,0.3655032219514457,0.8255639112283876,30,3184,2848,8.770418344739019,4.410143167496334,128481715.47403851,[ 2.34306024 -0.87632052  0.42597955],"[[ 0.44197317  0.01464454  0.89690872]
 [-0.44203995  0.87359214  0.2035619 ]
 [ 0.78055134  0.48643839 -0.39257776]]"
object_996,1.491151197310895,1.1121342674053067,0.9064209717312497,0.7458226029733953,0.6078665754122498,0.8150283632982538,0.39213342458775025,0.7038063332227209,30,1932,1716,8.136948767389724,3.965791098165867,77478265.11299038,[-0.94638511  0.88629533  0.93576403],"[[-0.08527033 -0.9775155   0.19285338]
 [ 0.86610787  0.02296033  0.49932953]
 [ 0.49253033 -0.20960982 -0.84467603]]"
object_999,1.4358663340159437,0.79337599365197,0.6433315410645594,0.5525416780495116,0.44804417084230896,0.8108785068013659,0.551955829157691,0.869179997542529,30,1479,1311,8.49368594121384,4.028790490682409,58982093.765637845,[ 0.25914097 -0.633       0.58448563],"[[-0.98664309  0.14326059 -0.07753588]
 [ 0.15056455  0.62034349 -0.76974299]
 [ 0.06217496  0.77113576  0.63362758]]"
object_1000,1.4408488592710316,0.7999199283561228,0.629972929518447,0.5551726839418994,0.43722346411626345,0.7875449869252217,0.5627765358837366,0.8552828964481365,30,2610,2321,9.488433170201624,4.18565877120068,105667977.60321715,[-0.15483082 -0.7541491   0.52962522],"[[-0.92243933 -0.21220638  0.32260524]
 [ 0.38579475 -0.54190142  0.74666275]
 [-0.01637363 -0.81321049 -0.58173929]]"
object_1001,1.8464322498155605,1.3678740148788011,1.2445189323055899,0.7408200409278151,0.674012779201568,0.9098198509282004,0.325987220798432,0.8267913995061521,30,1359,1206,8.601462501911422,4.460295577451924,53896984.03389777,[1.27377703 0.64047349 0.02403123],"[[ 0.96569129 -0.25824072  0.02742369]
 [-0.02772573 -0.20752114 -0.97783754]
 [-0.25820846 -0.94352886  0.20756127]]"
object_1007,1.1940158906210223,0.794068814027028,0.600048947092815,0.6650404071373146,0.5025468687696628,0.7556636609990213,0.4974531312303372,0.7461686540931506,12,1314,1176,8.363983856056532,3.45313231854284,53323421.35718868,[-2.16564643  1.1821444   2.02268069],"[[-0.7144054   0.38298974 -0.58561403]
 [ 0.45236879 -0.38570919 -0.80410876]
 [ 0.53384211  0.83937315 -0.10230012]]"
object_1014,1.7085485797851314,1.2843240238017986,0.9941253619263706,0.7517047153340622,0.581853728766315,0.774045601812855,0.418146271233685,0.6575591419927825,30,1569,1392,9.297859023025325,4.512103128893084,61838182.68300631,[ 1.35870595 -0.56859099 -0.06418323],"[[ 0.50264674 -0.25877577 -0.82485232]
 [ 0.08843683  0.96453329 -0.24870556]
 [ 0.8599565   0.05206372  0.50770482]]"
object_1019,2.459173976923551,1.6244932305792608,1.2559618907551775,0.6605849142123391,0.5107251062921531,0.7731407352847678,0.48927489370784694,0.7625245866168198,30,1540,1369,18.14615449350141,8.675463923964715,60715640.55583437,[3.53328116 2.68873552 5.38036483],"[[-0.50937277 -0.33767734  0.79152599]
 [-0.04753396 -0.90735022 -0.41767942]
 [-0.85923216  0.25037889 -0.44612836]]"
object_1021,2.312763588053633,1.6741030779295805,1.289831113641596,0.7238539583453344,0.5577012368683508,0.7704609893177985,0.4422987631316492,0.6909385163988602,30,2305,2059,12.111409357891517,6.325410963224706,92547663.30488722,[-0.34135607 -2.34279291  3.29490078],"[[ 0.03943024  0.3260475   0.94453072]
 [ 0.19125142  0.92532724 -0.3274025 ]
 [-0.98074877  0.1935524  -0.02587117]]"
object_1025,1.438619338094544,0.9240958651499654,0.5209198100556245,0.6423491195203406,0.36209704420182787,0.563707543449605,0.6379029557981721,0.6760240017512393,30,1347,1189,8.891548883365994,3.938110928011973,54543119.037444614,[-1.98178159 -0.28787683  0.0915751 ],"[[-0.55325961 -0.82074861  0.14239216]
 [ 0.70430836 -0.3696193   0.60607863]
 [ 0.4448073  -0.43560681 -0.78255554]]"
object_1027,2.051493811511963,1.7679846973502025,0.8972198036709357,0.8618035732933492,0.43734950533907746,0.5074816569485354,0.5626504946609225,0.31814828348432267,30,2702,2414,10.389665434723517,5.297806822387136,109006677.66618684,[0.29849883 1.27266147 0.57789197],"[[-0.95521741 -0.25623268 -0.14800171]
 [ 0.12177306 -0.79624583  0.59259084]
 [ 0.26968689 -0.54803047 -0.79179011]]"
object_1029,1.1049680685591525,0.934498449412027,0.5572242063079539,0.8457243933126383,0.504289872407407,0.5962815739914297,0.49571012759259303,0.38186054795439184,24,1184,1049,6.084209630848701,3.1996679749837544,47305396.56911141,[ 0.08018269  0.52170073 -0.07786104],"[[ 0.11642375  0.49606982 -0.86044189]
 [-0.49070283  0.78194256  0.38441718]
 [-0.86351389 -0.37746598 -0.33445955]]"
object_1030,2.3954490588184516,1.5241676664779005,1.035469808946382,0.636276384532966,0.43226542644873633,0.6793673896384258,0.5677345735512637,0.7319127469544625,30,3053,2718,13.47963330148496,7.000118160101035,122074886.74922623,[-0.58157835 -0.43431053 -2.41464961],"[[-0.44238808 -0.65886213  0.60843528]
 [-0.86188287  0.12481626 -0.49150667]
 [-0.24789252  0.74183664  0.62307921]]"
