Simulation,a,b,c,b/a,c/a,c/b,ellipticity,triaxiality,Iterations,Initial Particles,Remaining Particles,Max Radius,r_50,mass,Age Range,Snapshot,Redshift,Center of Mass,Rotation Matrix
m11c_res2100,0.9056412642395845,0.5158555258774129,0.4325979646007128,0.5696024974199332,0.47767033336752907,0.838602947724388,0.5223296666324709,0.8752601915138147,30,23268,20882,5.796338470250604,2.6601351560539337,36677286.840771616,"[9.287818132197805e-05, 0.4997800040243685]",600,0.0,[-0.32414989 -0.08979433 -0.29716303],"[[ 0.46139295 -0.64377942  0.61046262]
 [ 0.06524106  0.71083814  0.70032331]
 [-0.88479385 -0.283297    0.36997656]]"
m11c_res2100,0.7653691755012456,0.6944994416495434,0.591123329517665,0.907404509980051,0.7723375182055564,0.8511501868362282,0.2276624817944436,0.43771833903250873,21,34422,30964,4.847768037836291,2.555425638109301,51124536.41266109,"[0.5001232981994393, 0.9999623167614552]",600,0.0,[-0.06401645  0.36515526 -0.29473779],"[[ 0.29696089  0.48690727  0.82142288]
 [ 0.2636311   0.78498795 -0.56061802]
 [-0.91777605  0.38303425  0.10474682]]"
m11c_res2100,0.7952376869888182,0.7199394231311479,0.5729712047628209,0.9053135118095464,0.7205030824587636,0.7958602992886049,0.2794969175412364,0.3751647095846644,30,21549,19373,4.435104843022228,2.4566740327620633,31697045.30331433,"[1.0000523061291848, 1.4999706767049252]",600,0.0,[-0.14634681  0.13743933 -0.20616936],"[[-0.45442998  0.14291903  0.8792426 ]
 [ 0.88799059  0.1507672   0.43444443]
 [ 0.07047057 -0.97818373  0.19542389]]"
m11c_res2100,0.7550084593096695,0.5919608515985285,0.4575295479548912,0.7840453233329053,0.6059926114910373,0.772905077623597,0.39400738850896266,0.6088644086731666,30,12080,10855,4.286665480137548,2.1512231628000147,17571693.36602495,"[1.500015049456212, 1.9999694210271048]",600,0.0,[-0.34307581  0.15674021 -0.37256474],"[[ 0.25215265  0.23805844 -0.93794841]
 [-0.38577407 -0.86418708 -0.32304653]
 [ 0.88746685 -0.44329321  0.12607029]]"
m11c_res2100,0.9087235834197288,0.714278567939761,0.5230486580486016,0.786024024216222,0.5755860941566556,0.7322754475991965,0.4244139058433444,0.5715057019548871,30,13838,12435,9.08344490276184,2.975641152384658,19676195.550598316,"[2.000055842842834, 2.4999625306509405]",600,0.0,[-0.20826003  0.10275816 -0.23274045],"[[ 0.36971587  0.87757186  0.30525041]
 [-0.64049406  0.00271342  0.76795833]
 [ 0.67311035 -0.47943746  0.56308275]]"
m11c_res2100,0.6853807484191037,0.4928595033492902,0.3790993843295403,0.7191032203430251,0.5531223122388094,0.7691834726799862,0.44687768776119063,0.6957518728432046,26,7530,6763,4.200798996928668,2.255690104294614,10701005.89791933,"[2.5000044839331013, 2.999872223894275]",600,0.0,[-0.32846019  0.21944061 -0.27453802],"[[ 0.45873495 -0.57163588 -0.68029014]
 [-0.66734574  0.2838607  -0.68852942]
 [ 0.58669576  0.76984123 -0.25126194]]"
m11c_res2100,0.7740278424897395,0.5332703666455426,0.47179750799933795,0.6889550186337278,0.6095355775339465,0.8847247803531809,0.3904644224660535,0.8359094444052121,30,28561,25662,5.3877426634844765,2.434810390183823,40126901.65598201,"[3.0001186522503827, 3.4999551560953863]",600,0.0,[-0.22040407  0.20811055 -0.23537388],"[[ 0.33096543  0.12737504  0.93500668]
 [-0.61460983 -0.72276472  0.3160157 ]
 [ 0.71604235 -0.67925456 -0.16092418]]"
m11c_res2100,1.0750986355553698,0.7704548599214428,0.7128187829722354,0.7166364410121724,0.6630264046461287,0.9251921430477004,0.3369735953538713,0.8680151587833027,30,26777,24117,6.8138505238070275,2.9174212667946198,36852923.513030544,"[3.5001146164680046, 3.9998672412526304]",600,0.0,[-0.18471848  0.13604745 -0.10575073],"[[ 0.37447623 -0.91515242 -0.14920992]
 [-0.61715027 -0.12589768 -0.776708  ]
 [ 0.69202102  0.38294363 -0.61193225]]"
m11c_res2100,1.0354326115223975,0.7238681481181355,0.6350149124189641,0.6990973048973526,0.6132846361534828,0.8772521820028052,0.38671536384651717,0.8194866899743141,30,28002,25201,9.789780210380039,3.4143398783629446,38706659.70071581,"[4.0032699173811634, 4.499981624509696]",600,0.0,[-0.17690455  0.16053992 -0.16754925],"[[-0.85733736 -0.50569529  0.0961505 ]
 [-0.00824938  0.20026263  0.97970752]
 [-0.51468883  0.83914668 -0.17586431]]"
m11c_res2100,0.9786739657615765,0.7441278621683486,0.6733535357963202,0.7603429622134571,0.6880264105854041,0.9048895627079521,0.31197358941459585,0.8011067819699972,12,25196,22693,4.830235851663218,2.7281281407433875,34348277.121280305,"[4.5000749336914, 4.999989365719349]",600,0.0,[-0.14067032  0.16789292 -0.14258939],"[[-0.35625736 -0.92655455  0.1207367 ]
 [ 0.63369459 -0.14462753  0.75994345]
 [-0.68666721  0.34724564  0.63867723]]"
m11c_res2100,0.8635833298700893,0.6234814773989846,0.5715832283253248,0.7219702556008999,0.6618738557763838,0.9167605599284732,0.3381261442236162,0.8520009874052951,21,5027,4520,4.406040423659203,2.5686547418637584,6887074.7914367905,"[5.000096950514236, 5.496796173967463]",600,0.0,[-0.20342487  0.16143095 -0.1671973 ],"[[-0.40237523  0.73962782  0.53948573]
 [ 0.61321194 -0.21980915  0.75871935]
 [-0.67975384 -0.63610897  0.36510286]]"
m11c_res2100,1.4881861492223818,0.7340571189333562,0.6554859751763995,0.4932562497755548,0.44045966663438507,0.8929631744854857,0.5595403333656149,0.9388370985442173,30,24537,22069,11.834974737991082,4.5691788046496375,33254727.66592306,"[5.5003693661989495, 5.999971923528151]",600,0.0,[-0.28589952  0.38650721 -0.42110677],"[[ 0.16829055 -0.96261453 -0.2122535 ]
 [-0.66191556  0.04920285 -0.74796181]
 [ 0.73044239  0.2663688  -0.62888916]]"
m11c_res2100,1.1799123871430726,0.7859786727826795,0.7024696564010973,0.6661330801736673,0.5953574723475786,0.8937515491534562,0.40464252765242137,0.8616949383880279,30,11835,10648,7.987074942222916,3.5165372126942334,15933719.697200961,"[6.000087076104381, 6.499723618329411]",600,0.0,[-0.13512243  0.12146745 -0.16371198],"[[ 0.41721341  0.86318465  0.28433295]
 [-0.60316475  0.02897342  0.79709023]
 [ 0.67979795 -0.50405634  0.53273065]]"
m11c_res2100,1.2871659057112177,0.6678413612519323,0.6221062881555638,0.5188463727082016,0.4833147657153192,0.9315180584044185,0.5166852342846808,0.9535385202953487,30,5526,4933,9.806506333512651,3.598351243287739,7413763.407955516,"[6.50009551697501, 6.999885078796998]",600,0.0,[-0.03791905  0.01695134  0.04407133],"[[ 0.19693197 -0.72605512 -0.65883364]
 [-0.88823514  0.15234606 -0.43339245]
 [ 0.41503752  0.67054802 -0.61490586]]"
m11c_res2100,1.2041510230011416,0.8678605430867841,0.7931308628340369,0.7207240009843526,0.658663944707943,0.9138920638251964,0.341336055292057,0.8487978306981292,30,22738,20473,10.193365320648626,3.661702560719925,30675735.45170835,"[7.000003766848355, 7.499960789736421]",600,0.0,[-0.08976605  0.17186717 -0.10086816],"[[-0.43874956  0.85955697  0.26203174]
 [ 0.58764725  0.05384823  0.8073234 ]
 [-0.67983051 -0.50819502  0.52874218]]"
m11c_res2100,1.6306110166235128,0.9289979870637143,0.8829274737900179,0.5697238505032178,0.5414703229580072,0.9504083820253352,0.45852967704199277,0.955581895979723,30,60610,54566,12.392626741842278,5.230114185388578,80220168.54441296,"[7.500295228840174, 7.999960543832184]",600,0.0,[-0.04222139  0.13313891 -0.06195413],"[[-0.45580222 -0.37472833 -0.80735557]
 [ 0.65088886  0.47836778 -0.58949806]
 [-0.60711452  0.79419327 -0.0258654 ]]"
m11c_res2100,1.4450530556679373,0.9318782931723779,0.8358730017157883,0.6448747950930023,0.5784375863828946,0.8969765771345951,0.42156241361710545,0.8778595677024454,30,31967,28770,10.564508906406516,4.59739557650346,41824669.78159934,"[8.000064873429725, 8.499938381021678]",600,0.0,[-0.08561718  0.12442658 -0.07775781],"[[-0.45436731 -0.87963652 -0.14067674]
 [ 0.59407937 -0.18153905 -0.7836538 ]
 [-0.66379218  0.43963982 -0.60505932]]"
m11c_res2100,1.7053735052586183,1.126368035585393,1.0242912960507824,0.6604817256232559,0.6006257825000334,0.9093753228876391,0.3993742174999666,0.8819164076637145,30,17765,15952,13.487956793118402,5.8422381870454005,23177737.841410853,"[8.500010368754555, 8.99997398771129]",600,0.0,[ 0.00986825  0.14218566 -0.00857329],"[[ 0.51891094  0.84428319 -0.13385565]
 [-0.50142334  0.42744613  0.75223961]
 [ 0.69231934 -0.32322702  0.64514977]]"
m11c_res2100,1.7647394150715057,1.1189085366666107,0.9990717521175069,0.6340361229033202,0.5661299020042715,0.8928984982936006,0.4338700979957285,0.8800601811161144,19,32060,28846,13.05432506227766,5.551169688397979,41854313.67767414,"[9.000018029456722, 9.499966848024624]",600,0.0,[-0.03465993  0.20125438 -0.09768534],"[[-0.49007452  0.85764265 -0.15580771]
 [ 0.57754028  0.18559347 -0.79498571]
 [-0.65289676 -0.47958747 -0.58627781]]"
m11c_res2100,1.5774439414258807,0.9331157550992409,0.8249868628192326,0.5915365551791212,0.5229896550704121,0.8841206016626433,0.47701034492958794,0.8948393275278075,30,16789,15103,13.424685877235262,5.045696205438067,21864512.709708303,"[9.500010830775407, 9.999994008213184]",600,0.0,[-0.06952398  0.15383458 -0.10497608],"[[-0.47616386  0.86050523 -0.18110422]
 [ 0.57764865  0.15080366 -0.80223456]
 [-0.66301585 -0.48660971 -0.56887694]]"
m11c_res2100,1.6761175603411478,0.977614593712988,0.9407370568475717,0.5832613516166549,0.5612595912759838,0.9622780417737473,0.4387404087240162,0.9632380602613444,30,32567,29294,12.86357382280543,5.2353110560072365,41883354.92095579,"[10.000003805652495, 10.499985084867056]",600,0.0,[-0.04435181  0.13429355 -0.09752826],"[[-0.46968798  0.1990111  -0.86010917]
 [ 0.61607647  0.7717037  -0.15787079]
 [-0.63233139  0.60404303  0.48506601]]"
m11c_res2100,1.7638683567007987,1.0158941289845471,0.9133298542543924,0.5759466828265524,0.5177993305366148,0.8990403903281984,0.48220066946338525,0.9131031044497767,30,20059,18044,13.129803510376144,5.370783975571026,25621363.36401841,"[10.500002274006688, 10.999989866378925]",600,0.0,[-0.07745775  0.1475018  -0.12321006],"[[ 0.48488662 -0.87013286 -0.08805546]
 [-0.5819918  -0.24587671 -0.77513237]
 [ 0.65281736  0.42709887 -0.62563252]]"
m11c_res2100,1.8718929906616857,0.8864528252993963,0.8024402786191296,0.4735595622835516,0.42867849958425197,0.9052261504701147,0.571321500415748,0.950390003216193,30,17900,16086,16.3947276810769,6.22040661795261,22808931.458016597,"[11.000004656461932, 11.499998945965404]",600,0.0,[-0.14074726  0.21685416 -0.15314461],"[[-0.48977006  0.80312602  0.33928438]
 [ 0.58222847  0.01162898  0.81294205]
 [-0.64894938 -0.5956957   0.47329836]]"
m11c_res2100,1.8188411368541593,0.9358012111705971,0.8993391655573255,0.51450409395795,0.49445723836706773,0.9610365479569523,0.5055427616329322,0.9732280876142492,30,21482,19302,16.158459170517553,6.7392894766648705,27386630.645226378,"[11.50002920499204, 11.999999655007839]",600,0.0,[-0.06211271  0.16393768 -0.10644568],"[[ 0.51104739 -0.13473011  0.84892777]
 [-0.60194394  0.64892904  0.46535426]
 [ 0.61359111  0.74882501 -0.25053352]]"
m11c_res2100,1.7395634474228507,1.035354711149039,0.950410368851091,0.5951807694527663,0.5463499306444478,0.9179562893921864,0.4536500693555522,0.9205391841856694,30,17089,15367,14.261432058929026,5.785227226816696,21528638.126304414,"[12.000013869393838, 12.4999032370763]",600,0.0,[-0.04694378  0.16700258 -0.09389506],"[[-0.4798459   0.81210713 -0.33200892]
 [ 0.5702923   0.00114107 -0.82144104]
 [-0.66671928 -0.58350725 -0.46368598]]"
m11c_res2100,1.5407059621436319,1.118439033681338,1.079119059630113,0.7259263358241432,0.7004055842872843,0.964843882529919,0.2995944157127157,0.9285457896404935,30,30697,27616,13.706434707725768,5.171135010049031,38926441.52328935,"[12.500027171223978, 12.999853943403236]",600,0.0,[-0.09948432  0.15946891 -0.12969055],"[[-0.08417757  0.49728346 -0.86349481]
 [ 0.99355474  0.10790728 -0.03471303]
 [-0.07591516  0.86085143  0.50316171]]"
m11c_res2100,1.9130878976268764,1.2152046964318364,1.092736724709241,0.6352058877897134,0.5711900253327333,0.8992202942580836,0.42880997466726667,0.8853738077694009,30,7959,7136,15.594652921140518,6.61118290682642,10021401.68076286,"[13.000358707947777, 13.519723101529378]",600,0.0,[-0.08981726  0.20580987 -0.09762738],"[[-0.53251253  0.84446064 -0.05759012]
 [ 0.45651716  0.34383951  0.8205891 ]
 [-0.71275696 -0.4106831   0.56860962]]"
