Simulation,a,b,c,b/a,c/a,c/b,ellipticity,triaxiality,Iterations,Initial Particles,Remaining Particles,Max Radius,r_50,mass,Center of Mass,Rotation Matrix
object_178,2.172273225357045,2.0045775899954936,1.1220067286412596,0.92280177585212,0.5165127091491178,0.5597222747779905,0.48348729085088216,0.20244670274514712,16,214837,190907,19.447624179615875,6.6963361166885,9929141310.158646,[-0.837214    0.478459    1.72445958],"[[-0.63017949 -0.13658069  0.76434254]
 [ 0.13622331  0.94969042  0.28201297]
 [ 0.76440632 -0.28184007  0.57986995]]"
object_180,0.9152752516530136,0.8563978181051063,0.5863223199053872,0.9356724292046869,0.640596715410443,0.6846378020937781,0.35940328458955695,0.21117628041983438,22,169472,149678,10.427580540340573,3.6380700982252288,8050646647.847694,[0.14847073 0.50789286 0.0339171 ],"[[ 0.70143049 -0.67107304  0.24011712]
 [-0.52653266 -0.71494889 -0.46001243]
 [-0.48037341 -0.19623724  0.85482883]]"
object_181,0.9036212543146547,0.8696947987245213,0.6252788613472571,0.9624550048727387,0.6919700686118716,0.7189635516554541,0.3080299313881284,0.14137289948092127,14,242439,215340,12.775722509170478,4.480861671532175,11401911268.365574,[ 0.50648927  0.11962528 -0.5059809 ],"[[-0.67911732  0.63916146  0.36093254]
 [ 0.22566224 -0.28610343  0.93124722]
 [-0.69848137 -0.71387496 -0.05006319]]"
object_183,2.1653135744687906,1.4319405899791164,0.7731321213617336,0.6613086468690382,0.35705319103788635,0.5399191326596929,0.6429468089621136,0.6448853615613303,30,256495,229166,19.903768282411658,9.211477208964382,12083784697.950651,[0.69736113 0.26091805 0.14319618],"[[ 0.66684673 -0.52762848 -0.52623534]
 [ 0.46679771 -0.2546935   0.84689498]
 [-0.58087463 -0.8103946   0.07645424]]"
object_190,2.2096790000380286,1.8358774148454355,0.7225812795569733,0.8308344401217733,0.32700735244555323,0.3935890673930471,0.6729926475544468,0.34679863158393437,30,285932,254163,18.017553212329823,8.417240888049133,13314191409.274538,[-0.39663238  0.60020944 -0.431486  ],"[[ 0.90145719 -0.40647678 -0.14883398]
 [ 0.03003669  0.40174158 -0.91526034]
 [ 0.43182488  0.82059754  0.37436206]]"
object_206,0.9927927429716091,0.9624232982306252,0.41859704544703846,0.9694100858855166,0.42163588363277255,0.4349406817318445,0.5783641163672275,0.07326974807955465,18,106464,94901,7.354494136082926,3.412876594760694,4907205590.739139,[ 0.47163486 -0.10463504 -0.15488376],"[[ 0.93508788  0.03855242 -0.35231288]
 [-0.28397944  0.6762668  -0.67971972]
 [-0.21205267 -0.73564729 -0.64331698]]"
object_227,0.5883467342449202,0.5753227872320676,0.38331091766801384,0.9778634838016609,0.6515051335501202,0.6662536686790366,0.3484948664498798,0.07607277745642213,18,153852,136751,6.405486391359567,2.059764721041753,6979263391.215061,[ 0.09492385  0.16836672 -0.14670452],"[[-0.85794475  0.39565396  0.32770224]
 [ 0.1964258   0.84203686 -0.50238515]
 [-0.47470804 -0.36664953 -0.80013774]]"
object_231,1.9773229230897966,1.7027542148035173,0.6834183446199096,0.861141189898697,0.3456280896961378,0.40136053617037737,0.6543719103038622,0.2934965951956836,26,175547,156125,13.756806489097274,6.261977907289592,8216628504.4826145,[ 1.75237676  2.26291359 -0.01250094],"[[ 0.62430171 -0.10929163 -0.7735003 ]
 [ 0.51974113 -0.68109947  0.51572539]
 [-0.58319511 -0.72398816 -0.36840821]]"
object_237,1.2806987282876472,1.2457996704620617,0.6302455413248061,0.9727499863513981,0.4921106950480643,0.5058963782604395,0.5078893049519357,0.07093632125306656,10,240078,213046,10.439568607044125,4.320249762038166,11501615229.712378,[-0.44689747  0.23670203  0.2744341 ],"[[-0.33643534  0.37133138 -0.86540411]
 [-0.64264823 -0.76225833 -0.07723658]
 [-0.68834186  0.5301653   0.4950861 ]]"
object_242,0.9862104919847042,0.8817067399362536,0.8611748496439516,0.8940350433322388,0.8732160696352723,0.9767134701796808,0.12678393036472768,0.845080711201189,15,184463,163524,10.840773353971842,4.025252214091889,8580732387.349311,[ 0.25727887 -0.04320872  0.35079996],"[[-0.85118233 -0.47147632 -0.23064849]
 [ 0.51480474 -0.83557778 -0.19179642]
 [-0.10229728 -0.28199265  0.95394728]]"
object_248,2.1675550958242837,1.9548057651723219,0.7259831852358233,0.9018482477968769,0.3349318255551628,0.37138379585852394,0.6650681744448372,0.21025612917614506,22,103294,92624,15.063476580345984,7.19186515875758,4556478792.775238,[ 0.97658538  1.22493348 -0.1094958 ],"[[ 0.41172977  0.59877691 -0.68698239]
 [ 0.83549233  0.05300908  0.54693931]
 [-0.36391094  0.79915971  0.4784481 ]]"
object_253,1.665952058062888,1.6014854001417305,0.66886833489537,0.9613034134991153,0.40149314721163537,0.4176549688409121,0.5985068527883646,0.09048098817790873,9,237078,210014,12.955717797500922,5.509101820583191,11439492562.712254,[0.47013286 1.63377762 0.06744911],"[[-0.06778308  0.99714104 -0.03339461]
 [-0.98625005 -0.06191119  0.15322481]
 [-0.15071925 -0.04332149 -0.98762693]]"
object_254,1.5034230296874553,0.9975224554503033,0.8290028881780368,0.6635008482327671,0.5514102629852472,0.8310618810117983,0.4485897370147528,0.8043239615909976,30,241889,215025,10.740702966508504,4.333698812322862,11761687489.720394,[ 0.80470567 -1.37152898 -0.01387263],"[[-0.81058818 -0.34761696  0.47128467]
 [ 0.57219534 -0.29882508  0.76373821]
 [-0.12465668  0.88874407  0.44112889]]"
object_258,1.7307267752349274,1.5943213394244447,0.7324338162854055,0.9211860371247985,0.42319436364297625,0.459401626368381,0.5768056363570238,0.18445009189922956,10,127670,113686,14.530889059482544,6.306388767775498,5750839257.538283,[-0.13865829  1.53241015 -0.53109775],"[[ 0.48429123 -0.73596217  0.47309797]
 [ 0.85952241  0.50117648 -0.10021653]
 [ 0.16335001 -0.4551723  -0.87529135]]"
object_259,1.1458624009891714,1.0435290781511564,0.4904561782168261,0.9106931837979192,0.4280236246458889,0.4699976152900101,0.5719763753541112,0.20891137031096932,10,229294,203822,11.050553362685521,4.229899693769886,10717206133.437557,[0.59939777 0.6601153  0.51082513],"[[ 0.62346581  0.74498408 -0.23725325]
 [-0.45858974  0.1026766  -0.88269642]
 [-0.63323442  0.65913294  0.40565741]]"
object_270,3.160023000131216,1.7786571703657357,1.523469425253854,0.5628620963492604,0.48210706858481533,0.85652786306233,0.5178929314151847,0.8900605691871445,30,95949,85510,21.138268046134105,7.609680938481387,4356831796.993409,[-1.35852501  1.42539616 -2.98661799],"[[-0.64642742 -0.72259027 -0.24493857]
 [ 0.35240415 -0.56750449  0.74414378]
 [-0.67671479  0.39471757  0.62149427]]"
object_274,2.341169744377524,1.140197029064386,0.7680371494603607,0.48702023072126466,0.3280570113742728,0.6736003777264625,0.6719429886257272,0.8548068019406652,16,69507,61929,21.178045628887645,7.578494224412115,3067334483.0266666,[1.01901943 0.7558106  1.37342562],"[[-0.68488675 -0.32760989  0.65084706]
 [-0.53736762 -0.37615517 -0.75481344]
 [-0.49210384  0.86670586 -0.08157675]]"
object_279,3.2800270928857516,1.7992017703252166,1.5048815565224978,0.5485325942055825,0.45880156288541823,0.8364162270974652,0.5411984371145817,0.8855110780273272,30,193807,171133,31.23396803220857,9.256602595931623,8791787515.269299,[-0.05255005 -0.61237322  2.58991301],"[[ 0.31405651  0.89969621 -0.30317527]
 [ 0.70295977 -0.00572286  0.71120659]
 [-0.63813484  0.43647907  0.63424754]]"
object_286,47.61163489873338,3.763646786631737,2.31814513241514,0.07904888783249621,0.048688626999380986,0.6159305758045792,0.951311373000619,0.9961126404253435,27,79942,71462,62.39884479402748,46.510648438659146,3456783365.2659082,[ 9.44554158 10.67829844 30.99440086],"[[-0.32256951  0.9464312  -0.01472718]
 [-0.28334417 -0.08170262  0.95553166]
 [-0.90314173 -0.31239824 -0.29452054]]"
object_296,1.851345052289576,1.7057691589398005,0.7683971699203659,0.9213674980956466,0.41504805869121036,0.4504696112561641,0.5849519413087896,0.18252449583750766,13,135403,120835,12.242372240483245,5.401355177561612,6209777915.10147,[ 0.93783186  0.30242442 -0.79192268],"[[-0.5133625   0.85013272  0.11718918]
 [ 0.22746728  0.26646971 -0.9366176 ]
 [ 0.82747663  0.45416765  0.33017294]]"
object_300,2.7443977149788994,1.9278289457216524,1.4732614496575893,0.7024597547212558,0.5368250533137164,0.7642075573806145,0.46317494668628356,0.7116280839732494,22,299959,267376,37.54313915969665,8.46136203796284,14082270167.331562,[ 0.37572415  1.13156138 -1.88215539],"[[ 0.37045624  0.61622771  0.69500042]
 [ 0.49104517  0.50519986 -0.70968144]
 [-0.78843948  0.60418252 -0.1154412 ]]"
object_303,1.7334607647014293,1.6229312982753479,0.8227116478794553,0.9362376878226494,0.47460644315255607,0.5069294361096691,0.5253935568474439,0.15935359176104022,21,162774,144628,14.409146603984222,5.6644252402474295,7481308473.546227,[ 0.11317446  1.70151904 -1.89973658],"[[ 0.27696232  0.24017421  0.93038069]
 [-0.9542604   0.18221579  0.2370327 ]
 [-0.11260091 -0.95347457  0.27965564]]"
object_305,2.3020243938605063,2.204358436949961,1.200743792171723,0.9575738827220858,0.5216034180063878,0.5447134967002555,0.47839658199361224,0.11409376377864724,13,173986,155277,21.112064372158414,7.842027042314376,7711220616.743027,[-1.0437836  -2.11237737  0.43675208],"[[ 0.50085811 -0.30424165 -0.81029511]
 [ 0.53318484 -0.62900532  0.56574397]
 [ 0.68180282  0.71539452  0.15282538]]"
object_313,0.909046467362844,0.8573019808682262,0.6178105449251565,0.9430782821864659,0.6796248234894231,0.7206451853750221,0.3203751765105769,0.20554037884203522,11,235140,208875,18.087094249302464,4.1681518005765374,10985001383.367416,[-0.20364357  0.15303903 -0.08876747],"[[ 0.79116398 -0.09059196 -0.60485754]
 [-0.2316245  -0.95968483 -0.15923291]
 [ 0.56604739 -0.26607917  0.78025139]]"
object_315,1.1712589434863734,1.1198758545695977,0.7246368632540393,0.956130034948695,0.6186820320851363,0.6470689231285723,0.3813179679148637,0.13903245578656373,15,179506,159607,10.26656255865516,3.5228422995624347,8512898061.076808,[ 0.74218532  0.64642472 -1.57983636],"[[-0.03325163 -0.99938738  0.01091773]
 [-0.88574522  0.03452728  0.46288581]
 [ 0.46297919 -0.00572138  0.88635068]]"
object_316,2.811686568799677,2.40356718514267,1.111891803391674,0.8548489052137717,0.3954536809792231,0.46260067547297407,0.6045463190207769,0.31914191528161373,30,72741,65114,16.00583068360927,8.262639747803577,3154727474.2855673,[-0.10724913  2.24703778 -1.55101905],"[[-0.62916285  0.55089774  0.54833   ]
 [ 0.75475028  0.2644076   0.60036709]
 [-0.18575825 -0.79158089  0.58214566]]"
object_325,1.3586834673095072,1.1890016178685219,0.8404990139907125,0.8751130388176483,0.6186128220541948,0.7068947605785795,0.38138717794580523,0.3793459811287672,30,217338,193076,15.551427511953513,5.4769831008072165,10269242419.106419,[ 0.64483189  0.14045235 -1.30947892],"[[-0.02176075  0.74735434  0.66406925]
 [-0.23009603  0.64265157 -0.73079051]
 [-0.97292461 -0.16870224  0.15797869]]"
object_328,1.2564659288437956,1.1698184798552995,0.684719244945987,0.9310387595879903,0.5449564761187501,0.5853209337492115,0.4550435238812499,0.18942045193958734,9,172917,153479,12.176738721446215,4.47578973734007,8071063755.855527,[-1.05863126  0.28129649  0.16421006],"[[ 0.93506305 -0.10272422  0.33927103]
 [ 0.18382678  0.95886022 -0.21632102]
 [-0.30309208  0.26464089  0.91547823]]"
object_329,1.2835194440844662,1.2382381981378705,0.7747125297269699,0.9647210284539984,0.6035845684282345,0.6256571077293727,0.3964154315717655,0.10903712426674331,25,143732,127609,12.42296760681535,4.436438017557216,6543231640.769499,[ 0.13990121 -0.64261419 -0.07557857],"[[-0.67404563 -0.49191906  0.55106998]
 [ 0.33416122 -0.86836994 -0.36642862]
 [ 0.65878583 -0.0628434   0.74970124]]"
object_332,1.2590336632244363,1.1894866930553512,0.764751451125099,0.9447616277463364,0.6074114405857421,0.6429256044560999,0.39258855941425785,0.17023253040540204,10,125611,111793,12.322216970902334,4.986357379478113,5793922274.068898,[ 0.74371145  0.89311984 -0.24084493],"[[ 0.14062038  0.26649159 -0.95352407]
 [ 0.88193062  0.40394363  0.24295663]
 [ 0.44991587 -0.87510672 -0.17822438]]"
object_333,1.8928483215586482,1.465502380659618,1.1900387592718638,0.7742312809580345,0.6287026518278747,0.8120346817425375,0.37129734817212534,0.6623847875979509,10,223835,199428,20.85004934740011,6.901115468278653,10484642750.914108,[ 1.41529721 -0.09230275  0.44072355],"[[ 0.80443512 -0.05388901 -0.59159117]
 [-0.09382217  0.97185179 -0.21610528]
 [-0.58658463 -0.22934705 -0.77673573]]"
object_338,1.459063671816038,1.346099642689999,1.0040297801013487,0.9225777248052258,0.6881329440898718,0.7458807269979884,0.3118670559101282,0.2827311698813059,30,74753,66429,11.241143305499767,4.5735147129225595,3346693079.424908,[-0.1564343   1.07172271 -1.27748785],"[[-0.58196965 -0.49431779  0.64572537]
 [ 0.0882753  -0.82775315 -0.55410485]
 [-0.80840509  0.26547061 -0.52536326]]"
object_340,2.713048708534252,2.6627717319219073,1.5942629279975264,0.981468457807561,0.5876278310015455,0.5987230932659917,0.4123721689984545,0.05608680171871948,17,118063,105501,24.38940563838289,8.213037146302367,5244373646.106247,[1.68552312e+00 1.05256373e-03 1.01967732e+00],"[[-0.74699305  0.55882775  0.36015682]
 [ 0.66369989  0.6584184   0.35494741]
 [-0.03877941  0.50417929 -0.86272788]]"
object_348,1.3043872214119059,1.2137931478756858,0.709620471751503,0.9305466413277504,0.5440259304161149,0.5846304808965529,0.4559740695838851,0.19044905214029972,30,165286,147072,13.597179736367917,4.969059252628435,7620973985.643725,[-1.30113632  0.93112826 -0.40238235],"[[-0.97677225 -0.06377251  0.20457037]
 [ 0.09476091 -0.98481645  0.1454542 ]
 [-0.19218829 -0.1614609  -0.96798453]]"
object_349,1.6136313857178957,1.2665769224864978,0.7951128702473048,0.7849233311255933,0.49274752417731604,0.6277651646189543,0.507252475822684,0.5069934315945781,18,80504,71827,13.789429028605245,5.719566473484809,3579072085.390168,[0.0412581  1.71092531 0.95365321],"[[-0.34406536  0.52617863 -0.77766   ]
 [-0.80083706 -0.59683246 -0.04950775]
 [-0.49018265  0.60574505  0.62673272]]"
object_352,1.8984467105454625,1.839233845841846,0.8205729866181464,0.9688098357595702,0.4322338794447272,0.4461493509774758,0.5677661205552729,0.07551583264009389,13,173398,154100,15.518184797354186,6.037775977132839,8113697447.353652,[-0.00704998 -0.30201841 -0.77899174],"[[-0.06669883  0.74985139  0.65823564]
 [-0.53282052 -0.58453373  0.61190081]
 [-0.84359561  0.30990839 -0.43852392]]"
object_359,1.530892176790165,1.2673002201760406,0.6770824503623779,0.8278180784966842,0.442279646226962,0.534271547959113,0.557720353773038,0.391250179456624,18,162342,145458,15.38135500972914,5.766703587762174,7426464740.321932,[1.87682239 1.26767634 1.43055784],"[[ 0.64906976  0.35491144 -0.67286426]
 [ 0.75724897 -0.2169272   0.61604917]
 [-0.07268034  0.90938466  0.40955721]]"
object_365,1.3298966895651936,1.2851746282185956,0.79707538658046,0.9663717778249228,0.5993513577667915,0.6202078449722439,0.4006486422332085,0.10319579041284024,12,174678,155470,12.833718099438592,4.8705745854657705,7957993128.4558115,[-0.43537629  0.25539807  0.53296394],"[[-0.55337802 -0.21634542 -0.80434285]
 [-0.73227919  0.58653673  0.34603736]
 [ 0.39691303  0.780493   -0.48300179]]"
object_367,2.5460215836417417,2.0024763669222687,1.7160704742263624,0.7865119368147678,0.6740203952912898,0.8569741458991091,0.32597960470871024,0.6989214124392984,16,52708,47174,19.66500830983377,7.574921764027775,2276042678.4076567,[ 2.64039782 -1.13329804 -2.78319962],"[[-0.99492391  0.07830895  0.06319906]
 [ 0.05410193 -0.11329114  0.99208775]
 [-0.08484924 -0.99047101 -0.10847939]]"
object_372,1.9722426756331004,1.2426498452093602,0.723804172931449,0.6300694435640193,0.36699549293501826,0.582468324220089,0.6330045070649817,0.6968710566746764,16,90967,80737,15.509062868843808,5.428351748504433,4133396702.6283174,[ 0.2691903  -1.14800287  0.14072917],"[[-0.94858208  0.11666859  0.2942456 ]
 [ 0.1130771  -0.74335097  0.65927453]
 [ 0.29564438  0.65864844  0.69193687]]"
object_381,1.9753260468957663,1.6998630486837407,1.0719760858491407,0.8605480858995825,0.5426831117494532,0.6306249710405828,0.45731688825054684,0.36776586235524233,30,173390,154500,21.925634535114817,7.625636748990099,8036036618.959003,[-0.35404789 -1.30109875 -0.30022053],"[[-0.84710173  0.52832846  0.05733847]
 [-0.47926044 -0.80610264  0.34714257]
 [-0.229626   -0.26658501 -0.93605787]]"
object_383,2.0789479393532933,2.02804240566665,1.1216464390145655,0.9755138006474185,0.5395259870545295,0.5530685334194786,0.4604740129454705,0.06823533045417188,16,137102,122399,17.39651170853398,7.087450192503201,6084043903.840328,[-1.45364559 -1.10029723  0.40497611],"[[-0.22456488  0.89821693 -0.3778584 ]
 [ 0.31143933 -0.30126874 -0.90124508]
 [-0.92335051 -0.32006796 -0.2120857 ]]"
object_384,2.4064907881200606,1.8528614556266112,1.4001471735694502,0.7699432986710321,0.5818211233059565,0.755667494359928,0.4181788766940435,0.6155662204033043,18,41804,37391,15.300502728161812,6.775276368001239,1800211267.650963,[ 1.28866999  4.13456224 -5.97491123],"[[ 0.08661462  0.0885631  -0.99229758]
 [-0.50309504  0.86359459  0.03316266]
 [ 0.85987981  0.49634762  0.11935557]]"
object_388,1.7918432797666157,1.3262177921588152,1.2030501393578306,0.7401416223920837,0.6714036617725438,0.9071286378985366,0.32859633822745615,0.8233362724873546,30,162274,145172,14.343497031596943,5.569550125487727,7313893304.093125,[ 0.4935874  -0.55986062  0.23423331],"[[ 0.15041165  0.36990012  0.91681527]
 [ 0.23189945 -0.91469263  0.33099856]
 [-0.96104057 -0.16282291  0.22336006]]"
object_404,1.9952238697167344,1.8367274300957808,0.8187233503469901,0.9205620772552928,0.4103415976389786,0.4457511424568291,0.5896584023610214,0.18345578932511752,11,66626,59535,11.749706587020656,5.796688363630724,2930600433.521783,[ 2.48952406 -0.58809181  1.72456196],"[[-0.85378988 -0.48560578  0.18769621]
 [ 0.05462089  0.27498448  0.95989588]
 [ 0.51774453 -0.82980152  0.20825475]]"
object_406,4.353786826286398,1.7339933020314928,1.5823733043519224,0.39827243988206884,0.3634475842496914,0.9125602172154084,0.6365524157503086,0.9694358670752,30,516681,460384,19.974655706660442,19.863463710591063,26223929340.548565,[-2.60255363  0.40883135 -1.33344452],"[[-0.87104445  0.12155439 -0.47592657]
 [ 0.26301791  0.93371322 -0.24290164]
 [-0.41485317  0.33675534  0.84527669]]"
object_413,1.3271959993998157,1.201906449527339,0.846035352757506,0.9055983065582363,0.6374607466720061,0.7039111513963647,0.36253925332799386,0.3030297094552196,29,177317,157264,17.270669415917396,4.90693079838287,8274099904.136571,[0.11134665 1.90340141 0.43237952],"[[ 0.69838621  0.10391754 -0.70813689]
 [ 0.69463175 -0.33682314  0.63563897]
 [-0.17246285 -0.93581586 -0.30741706]]"
object_414,1.6632588023364703,1.484611836961567,0.8508235250139539,0.892592202053013,0.5115400705042148,0.5730949355457547,0.4884599294957852,0.275324115113359,16,88590,78905,10.825951077389501,4.733430053528299,4042703898.2870426,[-1.95460454 -0.04148091  0.28225376],"[[-0.95160906  0.21366828 -0.22087566]
 [ 0.29523794  0.83512428 -0.46411421]
 [ 0.08529214 -0.50686616 -0.85779481]]"
object_433,2.0882811362073497,1.65118705719662,0.840412034983723,0.7906919372912778,0.4024419990260721,0.508974456480159,0.5975580009739279,0.4472412589737241,30,41278,36947,12.943064843621519,6.273207435883317,1783120948.762628,[-0.96936857  0.14589315  0.67148282],"[[-0.01485272  0.71249823 -0.70151669]
 [-0.99867115 -0.04519761 -0.02476097]
 [ 0.04934902 -0.70021672 -0.71222274]]"
object_436,2.1898034804680178,1.7174088539524377,1.0603134306927384,0.7842753330474125,0.4842048339726458,0.6173913848484811,0.5157951660273542,0.5027945590367399,30,65310,58292,13.616160556487907,6.451786735423232,2850486553.741939,[ 2.23472565  5.02079871 -2.56235573],"[[-0.73238018  0.44187602 -0.51803943]
 [-0.67467317 -0.57356879  0.4645804 ]
 [-0.09184431  0.68975679  0.71819231]]"
object_443,2.2768638619235304,2.075858908664266,1.115497612609361,0.9117185016545292,0.48992723335991245,0.537366777652119,0.5100727666400875,0.22207334988261845,17,69753,62343,13.875216632722926,6.677588438589739,3021418517.2304783,[-1.66426629e+00 -1.48176943e+00  7.61696695e-04],"[[-0.49277473 -0.56634976  0.66062169]
 [-0.5473671  -0.38842625 -0.74129232]
 [-0.67643353  0.7268927   0.11859459]]"
object_445,1.3405591062402218,1.2653156458044128,0.7622139865214907,0.9438715830689186,0.5685791719092658,0.6023903909264634,0.43142082809073423,0.16122887076924816,9,112202,99862,9.62712961151998,4.131386015399864,5063909025.61638,[-1.43474512  0.33971064 -0.94760379],"[[ 0.85977673 -0.34303885 -0.37829662]
 [-0.23156736  0.398351   -0.88752073]
 [ 0.45514892  0.85067081  0.26305632]]"
object_457,2.323224355899707,1.4834803011167965,1.3335578622278221,0.6385437107482003,0.5740116570495318,0.8989387059766756,0.42598834295046817,0.883299852296497,30,89597,79940,34.82190724045071,8.067569936356453,3990775774.1987014,[-0.54723542 -4.29252391 -1.04729475],"[[-0.56457822  0.82323777  0.05942236]
 [-0.81510469 -0.56742761  0.11674871]
 [-0.12982983 -0.01747834 -0.99138223]]"
object_462,2.6384732098314734,2.020556998157054,1.4856405891998832,0.7658053872323048,0.5630682864863256,0.7352628956049906,0.43693171351367444,0.6055196183868448,30,41976,37535,19.320541107144745,7.4332966914306144,1794255716.7306337,[-3.39921459 -2.84517904  2.6768198 ],"[[-0.50899379  0.69806914 -0.50361176]
 [-0.81285673 -0.19733046  0.54801882]
 [ 0.28317709  0.68830238  0.66787017]]"
object_469,2.3929811711169586,1.6563481674070966,1.0489027736509873,0.6921693272805703,0.4383247082388854,0.6332622538490655,0.5616752917611145,0.6447828083007374,30,47457,42421,15.205916552165107,7.278401807301665,2056022722.2581296,[-0.08338054 -4.20171739 -1.27303114],"[[ 0.62772859 -0.63969161 -0.44356676]
 [ 0.47208108  0.76591277 -0.43648262]
 [ 0.61894771  0.06459315  0.78277165]]"
object_471,1.7342047308705257,1.5412014576596622,0.901839925930659,0.8887079075640736,0.5200308301995917,0.5851538236280392,0.47996916980040827,0.2881133404638176,19,41100,36694,11.631815138983255,5.647130990083813,1807063052.9201994,[-1.61385638  1.1377935  -0.48620644],"[[ 0.25605686  0.24883054 -0.93408685]
 [-0.95333772 -0.09488076 -0.28660921]
 [ 0.159944   -0.96388848 -0.21292467]]"
object_478,18.81865763592142,2.627928985034752,2.0324165417485216,0.13964486925031835,0.10800008061515533,0.7733909680674438,0.8919999193848447,0.9920708420687621,16,81599,72676,70.62023070815249,33.33424093097464,3580643057.233257,[-1.14653269  2.7632856  10.83525461],"[[-0.04189405 -0.15417885 -0.98715438]
 [ 0.25014508  0.95493627 -0.15976282]
 [ 0.96730157 -0.25362492 -0.00143906]]"
object_479,2.07046189744671,1.6645129245570045,0.898430124588532,0.8039331352147455,0.43392738871286374,0.5397555713348644,0.5660726112871363,0.43573790149863295,30,39944,35741,13.62752503020233,6.54036959636309,1706414672.3019285,[ 0.01833743 -0.06063036  0.86724318],"[[-0.65754924  0.04474089  0.75208194]
 [-0.75251955  0.00955939 -0.65850053]
 [-0.03665134 -0.99895289  0.02738262]]"
object_482,1.7303739499887998,1.5569744846155171,0.7413456479454097,0.8997907559956014,0.4284308879882341,0.47614502053222746,0.5715691120117659,0.23317692567517773,13,50845,45395,10.78444149894914,5.03917249503298,2244983129.54592,[ 0.77679406 -0.18871958  3.60250439],"[[-0.1439013  -0.53530957  0.83230769]
 [ 0.21990556  0.80273438  0.55430954]
 [-0.96484919  0.26279496  0.00220303]]"
object_484,1.4615436072428016,1.0017153676622503,0.7612199642399469,0.6853817858722558,0.5208328786549081,0.759916428173046,0.4791671213450919,0.727635122502815,27,70237,62547,11.891229060990318,5.12286125398938,3128089371.541463,[-1.27587906 -1.35666778  0.01224909],"[[-0.55403605  0.64473624 -0.52664906]
 [-0.82765551 -0.35849103  0.43182234]
 [-0.08961255 -0.67512914 -0.73223646]]"
object_492,1.6385614910473667,1.2557370665601664,1.0361227672053137,0.7663655428381273,0.6323368227963329,0.8251112392847963,0.36766317720366715,0.6876343526416447,30,37713,33662,12.924874477827517,5.16238728423677,1640874475.5609303,[-0.36689004  0.66349811  0.45795154],"[[ 0.91481453  0.10815799  0.38912238]
 [ 0.36556666 -0.63131711 -0.68395886]
 [ 0.171684    0.76794567 -0.61707702]]"
object_495,1.452779101784658,1.2947451417457931,0.7469548626419252,0.891219553031339,0.5141558422229042,0.5769126591467685,0.4858441577770958,0.27965669894864065,30,102138,90942,9.087058369352992,4.466399671327514,4820711740.264872,[-0.87618367 -1.73246154  1.03923644],"[[ 0.30615586  0.39421704  0.86652265]
 [-0.33750325  0.8960541  -0.288407  ]
 [-0.89014614 -0.20415671  0.40738175]]"
object_499,2.2192591899675262,1.6727977383082155,1.4771510409558015,0.753764024441279,0.665605463135388,0.8830422274779727,0.33439453686461196,0.7753385027970204,30,73927,66375,18.13720309397672,6.792580311580733,3212573053.264557,[-2.23752742 -2.78483377  0.68453795],"[[-9.99614821e-01  1.59910977e-02  2.26824846e-02]
 [-2.77439931e-02 -5.96226706e-01 -8.02336579e-01]
 [-6.93660436e-04  8.02656838e-01 -5.96440709e-01]]"
object_501,2.272399234518695,2.178755971742456,1.3270886338403232,0.9587910164051463,0.5840032920629842,0.6091038423082262,0.4159967079370158,0.12249942011499652,26,90567,80819,17.063532710081088,6.789757547924598,3945284577.7862897,[-0.65515987  4.24152706 -0.64239712],"[[ 0.04845285  0.33744548  0.94009727]
 [-0.71126862 -0.64913626  0.26966474]
 [ 0.70124837 -0.68172771  0.20856188]]"
object_512,1.3088344389952304,0.8934390781304571,0.7218817345474069,0.6826219203219736,0.5515454919581602,0.8079809269793324,0.44845450804183984,0.7675038498125334,30,43090,38503,14.564569143053363,6.488943623841573,1855775299.4756463,[-0.00335626 -0.91169475  0.7919729 ],"[[ 0.06400058 -0.99340656  0.0951175 ]
 [ 0.93287317  0.02569938 -0.35928707]
 [ 0.35447367  0.11172714  0.9283671 ]]"
object_534,2.1440509115315596,1.7549694315449336,1.392048586275184,0.8185297383126534,0.6492609754685359,0.7932038936141107,0.3507390245314641,0.5704957326998703,9,59380,53091,17.0563799543786,6.7540612468535715,2597543920.52483,[-1.62811378  1.06510162 -0.18402401],"[[-0.91499767  0.40122717  0.04237947]
 [ 0.38076958  0.82403446  0.41950178]
 [-0.13339337 -0.39997997  0.90676471]]"
object_562,1.329889431622804,0.9949060887614504,0.788615413358749,0.7481118844199035,0.5929932177868631,0.7926531179847227,0.4070067822131369,0.6791431579404896,30,82415,73343,12.759540321495114,4.997849845689452,3712409682.9959774,[ 0.04242289  0.29207396 -0.00484403],"[[ 0.60943495 -0.4125097  -0.67707074]
 [ 0.55671527 -0.38538305  0.73589946]
 [ 0.56449725  0.82541847  0.00521545]]"
object_565,1.658065675579409,1.4524920892373077,0.8726686706830068,0.8760160171156888,0.5263173127192647,0.6008078647376581,0.47368268728073526,0.3217138687707612,30,40533,36210,12.642011136579882,5.251584315812096,1756174738.0397387,[ 1.83138166  0.06575094 -0.69030881],"[[-0.88610899 -0.44501614  0.12950478]
 [-0.0603386  -0.16627726 -0.98423124]
 [ 0.45953249 -0.87995029  0.12048813]]"
object_570,2.2328255779943875,1.9695225854856868,1.6930356252499537,0.8820763273657901,0.7582480431681123,0.8596172685333532,0.24175195683188766,0.5221413501334895,30,70405,62907,17.21912359280403,7.672410989305961,3005962075.770942,[-0.91763383 -0.61652802  0.62928056],"[[ 0.15245598 -0.95033285  0.27133862]
 [-0.94376183 -0.22148878 -0.24547163]
 [ 0.29337821 -0.21865541 -0.93065516]]"
object_575,6.375828657633069,3.009164060404206,2.55155847492623,0.4719643864333884,0.4001924474352888,0.8479293330997353,0.5998075525647112,0.9254668276048723,30,83348,74309,72.10854587366354,16.970193104328843,3668496103.6052523,[-5.6606496   0.68140635 -3.26349005],"[[ 0.32940471  0.0902743  -0.93986333]
 [-0.0101695   0.99570031  0.09207324]
 [ 0.94413406 -0.02077142  0.32890642]]"
object_576,2.6061063056281455,1.8883721659706807,1.8595235061787176,0.7245952177363423,0.7135255772809006,0.9847230009466201,0.2864744227190994,0.9675695901728155,9,78100,69907,37.92377181711408,9.406361059094747,3464733591.7307463,[ 1.99786325 -0.9923046  -2.2848089 ],"[[-0.04305474  0.70822537  0.70467235]
 [ 0.02288036  0.70584037 -0.70800131]
 [ 0.99881068  0.01435966  0.04659422]]"
object_585,1.6729224795397122,1.6156972092451427,1.136063359720121,0.9657932325051222,0.6790890633693305,0.7031412527170808,0.3209109366306695,0.12479340090134562,10,84960,75998,14.275829241615263,6.076459406516236,3655059981.10749,[-0.88541554  0.28608529  0.48430257],"[[-0.50282924 -0.82495256  0.25810079]
 [ 0.59341416 -0.11233946  0.79701912]
 [ 0.62850806 -0.55392519 -0.5460261 ]]"
object_601,2.4155871606798907,2.243355852004,1.2536217394025355,0.9287000231333344,0.5189718507402943,0.5588153739776369,0.4810281492597057,0.18820617021273955,11,40097,35862,13.450970532925464,6.704958601274103,1727529669.613213,[-0.34783492  0.54546903 -1.90545261],"[[-0.23162159  0.72346544 -0.65034545]
 [-0.02591808  0.66369873  0.74755083]
 [-0.97246064 -0.19000462  0.13497612]]"
object_602,1.7562710827022696,1.377696015772933,1.1394167995248745,0.7844438306489419,0.6487704607489875,0.8270451438343052,0.3512295392510125,0.6642202430903029,30,48559,43465,13.059840327766688,5.669786272604978,2049093858.0312228,[ 0.42276715  0.40815408 -0.17476089],"[[ 0.12678067  0.8754668  -0.46635238]
 [-0.642303   -0.28581562 -0.71116545]
 [-0.75589253  0.38970156  0.52607905]]"
object_615,3.154688722165806,1.1878187222146837,1.0172464875458496,0.3765248577042504,0.3224554233824609,0.8563987656712442,0.6775445766175391,0.9578208489146821,30,106738,95049,49.703055592304665,17.288558289431553,5186266026.978431,[-0.44194824  1.32349307  0.1962946 ],"[[ 3.76696136e-02  9.65124389e-01  2.59067394e-01]
 [-9.99290023e-01  3.65557563e-02  9.11738469e-03]
 [-6.70994209e-04 -2.59226911e-01  9.65816214e-01]]"
object_625,1.5173733531837614,1.2730775608270084,0.999759406678699,0.8390008682805915,0.6588750254385304,0.7853091103335776,0.3411249745614696,0.5232127070949677,30,38866,34709,11.043195624212851,4.616207485342169,1679942498.3673415,[-0.86091958 -0.7909457   1.40978772],"[[-0.87393371 -0.35373058 -0.33333849]
 [ 0.48349579 -0.56253923 -0.67065746]
 [-0.04971608  0.74727792 -0.66264924]]"
object_636,2.6208694432741155,2.2779365635997033,1.739899462005772,0.8691530092983174,0.6638634619785586,0.7638050548941979,0.3361365380214414,0.43729567850998297,30,70296,62896,21.393713874520607,9.158194398174496,2964392601.0814238,[-0.94210277  0.29974252 -0.01437447],"[[-0.07724594 -0.99700576  0.00354697]
 [-0.71223374  0.0576712   0.69956924]
 [ 0.69767912 -0.05151261  0.71455601]]"
object_640,1.6320110999645143,1.4047950367228537,0.8585964138616572,0.8607754179817765,0.5260971655648213,0.611189811621641,0.47390283443517867,0.35821056512732896,10,37307,33314,12.632361226715782,5.1854671135645045,1617262666.430878,[ 0.76010183 -1.93516403 -0.61186091],"[[ 0.07239607  0.97335325 -0.21758279]
 [-0.893312   -0.0337406  -0.44816876]
 [-0.44356789  0.22681497  0.86706545]]"
object_647,2.0819191211824526,1.7915599077026003,1.3196040553569792,0.8605329042201509,0.6338402111449427,0.7365670830673858,0.3661597888550573,0.4337394086446411,24,33395,29872,15.5304193676299,6.827537845221133,1427576538.8553393,[ 1.3546378  -1.84587628 -1.04239646],"[[ 0.89735512 -0.43901283 -0.04496134]
 [-0.43466224 -0.86162417 -0.26205443]
 [-0.07630548 -0.25469889  0.96400516]]"
object_650,1.8184393329916209,1.43171253964339,1.059564660683709,0.7873303847250137,0.58267803685293,0.7400680173882005,0.41732196314707004,0.5755015088106601,30,62930,56087,13.493245681840111,5.617151207616161,2833390241.4761863,[1.23827871 2.23130442 1.05816471],"[[ 0.75803265 -0.6506034   0.04584446]
 [-0.43302444 -0.55459663 -0.71057189]
 [-0.48772567 -0.51878492  0.70212952]]"
object_674,1.8335607712398967,0.8438189757572371,0.7692554036232506,0.4602078038496793,0.41954180940676544,0.9116355826590963,0.5804581905932346,0.9565818465082506,18,123429,109552,43.09048367401498,4.1038530025536435,5591588953.893236,[-0.52122853 -0.97765559  0.9307297 ],"[[-0.41385096 -0.88470253  0.2145433 ]
 [-0.56299583  0.06353513 -0.82401395]
 [ 0.71537618 -0.46180594 -0.52437791]]"
object_682,0.7174992952319409,0.5291270704669425,0.46462018389004395,0.7374600560351705,0.6475548993255101,0.8780880998585601,0.35244510067448986,0.7855590648174218,28,89326,79304,3.652287775921199,2.1310572849348706,4722249393.24894,[0.57725127 0.15311597 0.40320028],"[[-0.77444845  0.48947065  0.40080928]
 [-0.63263624 -0.60018298 -0.48944028]
 [ 0.00099226 -0.63261274  0.77446765]]"
object_704,1.057600297996901,0.7886509490614534,0.6520271310663717,0.745698493613477,0.6165156461295572,0.8267626278042611,0.3834843538704428,0.7161279231442974,30,107999,95709,16.028540828504752,3.740245006290977,5269466522.088154,[ 0.04626441  0.05337575 -0.33750853],"[[ 0.80493326  0.59121455 -0.05047579]
 [ 0.08198174 -0.19506081 -0.97735883]
 [-0.58767461  0.78257053 -0.20547973]]"
object_705,3.0541932009436987,2.292200818475901,1.6614413322935389,0.7505094365895537,0.5439869788788014,0.724823636263354,0.45601302112119857,0.6202941749615303,30,36929,33120,21.642339850542662,9.58580400731998,1545178358.9192698,[-0.91874635  0.68048478 -0.15836644],"[[ 0.42274745  0.43086586  0.79726984]
 [-0.23430057  0.90180166 -0.3631212 ]
 [ 0.8754358   0.03329222 -0.48218647]]"
object_707,2.0659227174595953,1.9428258518010122,0.9458255194856988,0.940415551550761,0.45782231420967806,0.4868297992889648,0.542177685790322,0.1462788162685405,19,32670,29218,12.695212237097557,6.081274389558172,1390811330.0061913,[0.88390651 2.03651643 2.82254674],"[[-0.02661623  0.90025952  0.43453927]
 [-0.63266011 -0.35172993  0.68994728]
 [-0.77397207  0.25655187 -0.57892001]]"
object_737,0.6402017779002394,0.589688080909229,0.49016373786574396,0.9210972247582827,0.7656394511639808,0.8312254456796374,0.2343605488360192,0.366315329266601,17,78756,70450,6.714466067392219,2.1668985077787273,3465742653.5697465,[ 0.58806815 -0.47743016 -0.02928971],"[[-0.34538622 -0.93771743 -0.03734135]
 [ 0.68700483 -0.27974825  0.67064542]
 [ 0.63932208 -0.205978   -0.74083759]]"
object_747,3.461383713574058,2.195066512560322,2.0053908634827464,0.6341586758937517,0.5793610386558606,0.9135900219914803,0.42063896134413936,0.8999037626299327,12,38884,34823,23.10160219619476,10.607683685032692,1654220763.9211745,[-0.66578804  0.69789092 -0.34973705],"[[ 0.36350295 -0.89153862  0.27023044]
 [ 0.26799495 -0.1777374  -0.94688338]
 [ 0.89221316  0.41661529  0.17431978]]"
object_865,2.560926872844434,1.5960002990966524,1.1959723534513311,0.6232119768902137,0.4670076159273376,0.7493559707528,0.5329923840726625,0.782202061264281,12,123763,110386,33.578864386819596,9.729518173945248,5978597181.345354,[ 0.81647421 -1.10632788 -1.50870008],"[[-0.52755569 -0.19938904  0.82578992]
 [ 0.77093593  0.29596056  0.56397265]
 [ 0.35685122 -0.9341581   0.0024195 ]]"
object_868,1.6062606254138452,1.341325042687267,1.2212223163322216,0.8350606504730085,0.760289019733382,0.9104596406293686,0.23971098026661797,0.717303239659337,30,45733,40679,15.438837211810988,6.289479192639367,1983424675.2485495,[-0.66476461 -0.93088338  0.1297402 ],"[[-0.53266923  0.84500538  0.04721655]
 [ 0.3375009   0.26325161 -0.90376531]
 [ 0.77611638  0.46547235  0.4254161 ]]"
object_870,1.6620374038686725,1.1958099412819791,0.834664365115375,0.719484374117291,0.5021934904548796,0.6979908230404619,0.4978065095451204,0.6450135598751844,21,45040,40108,8.83516790369894,4.991869167236129,2041420717.1394,[ 0.27113475 -1.02756506 -0.1078104 ],"[[-0.42646607 -0.39150268 -0.81538478]
 [ 0.38012056  0.74042734 -0.55432455]
 [-0.82075274  0.54634513  0.16694892]]"
object_892,0.8354562383963333,0.7957207475792574,0.6623797079198908,0.952438573092292,0.7928359110602075,0.8324273433047751,0.20716408893979255,0.2500214316428736,9,60031,53574,7.836593973166687,2.7950035688541264,2695915314.150116,[0.313262   0.03270317 0.3540117 ],"[[ 0.07866287  0.99080021  0.11012309]
 [ 0.96932946 -0.05021889 -0.24057944]
 [ 0.2328359  -0.12567023  0.96436219]]"
object_982,6.002542198482803,3.271781193458819,2.6916379449475447,0.5450659212834508,0.44841633027217714,0.8226827485679242,0.5515836697278229,0.8798136016128689,30,43909,39257,47.983616881083364,18.5430286220463,1853566443.141615,[ 0.03031772  3.02333096 -0.95124662],"[[-0.41493742  0.68098987  0.6033902 ]
 [ 0.45016561 -0.42265746  0.78658223]
 [-0.7906819  -0.59800791  0.13118182]]"
object_1045,2.6169528247925555,2.428935379728037,2.380593565195573,0.928154056395945,0.9096814977489255,0.9800975295860376,0.09031850225107452,0.8031678503415242,24,40204,36051,19.07787160277781,8.618625250503348,1684874055.7683845,[-0.17655632  0.11785476  0.82909758],"[[-0.39931966  0.26076016  0.87894707]
 [-0.28958501  0.87374563 -0.39078011]
 [-0.86987605 -0.41057607 -0.27339157]]"
object_1273,3.431975005980483,3.0271975878465076,1.7048117621765813,0.8820570029127195,0.4967436415491996,0.5631650107746528,0.5032563584508004,0.29469192791703375,30,29192,26034,17.31318350423422,10.543584554431177,1353038470.0350873,[ 0.73411159 -0.90865408 -1.03086109],"[[ 0.73801818  0.06101646  0.67201648]
 [-0.61621203  0.4667773   0.63435139]
 [-0.27497616 -0.8822675   0.38208921]]"
