Simulation,a,b,c,b/a,c/a,c/b,ellipticity,triaxiality,Iterations,Initial Particles,Remaining Particles,Max Radius,r_50,mass,Center of Mass,Rotation Matrix
object_370,42.43894049072122,3.598602963351422,3.233488019398047,0.08479483516178295,0.07619153499143108,0.8985398090115119,0.923808465008569,0.9986068987726404,25,55282,49545,57.515681131686044,42.61538865027752,2380068332.2374306,[-10.62931004 -24.63654758   9.7489797 ],"[[ 0.44634937  0.35232935  0.82257903]
 [ 0.85197129 -0.44848059 -0.27020379]
 [-0.27371    -0.82141901  0.50035352]]"
object_397,2.3797000105713026,1.4818587745044636,1.3031135574267037,0.6227082270545138,0.5475957270403427,0.8793776976908392,0.45240427295965735,0.8744471228612881,24,30219,27067,18.461682979221287,7.131492894832812,1283627389.9250813,[1.61133248 2.20998949 3.09898288],"[[ 0.65537662  0.24448221  0.71463972]
 [ 0.75374551 -0.2724164  -0.59804432]
 [ 0.04846838  0.93060075 -0.36281271]]"
object_399,1.796919844701851,1.2715301062914854,1.0510220587201826,0.7076164860889833,0.5849020265534274,0.8265805532403544,0.4150979734465726,0.7589098443607395,30,30176,26992,15.981391442223558,5.218685457080792,1296818226.404322,[-2.49972295  1.19359313  1.03025734],"[[-0.83247259 -0.36035991  0.42086831]
 [-0.05453332  0.80920101  0.58499559]
 [ 0.55137602 -0.46404145  0.69328928]]"
object_453,1.7858772836147891,1.2206497042539692,1.1924991550127584,0.6835014451739123,0.6677385764149618,0.9769380608186722,0.3322614235850382,0.9615620813321508,30,17888,15946,10.513644589482313,5.41404603953025,759440934.4115211,[ 0.51309834 -0.23555681 -0.95017477],"[[-0.73205316 -0.54264544  0.4118666 ]
 [-0.6492321   0.73887076 -0.18046515]
 [ 0.2063876   0.3995071   0.89319552]]"
object_497,2.966223339989739,2.3232194927003857,1.3348378625604707,0.7832247361078423,0.45001259499397245,0.574563818336823,0.5499874050060276,0.4847203854181734,30,31308,27934,16.36938444781645,8.155852052153373,1313999247.840527,[ 2.63218964  2.65802391 -2.16329907],"[[-0.555196    0.29284614  0.77845908]
 [ 0.1139873   0.95392276 -0.27755768]
 [ 0.82387153  0.06536447  0.56299484]]"
object_500,2.823826603108707,2.293169001335213,1.2651505889049255,0.8120785457615205,0.4480270097009996,0.5517040340979156,0.5519729902990004,0.4260483556651602,30,30619,27437,16.821058446826598,8.155109491290247,1301238470.9994323,[-2.81685103  0.88341705  1.86757356],"[[ 0.99026662  0.13910672  0.00461883]
 [ 0.11331006 -0.78646704 -0.60714943]
 [ 0.08082601 -0.60176317  0.79457425]]"
object_517,2.66101048181424,1.8433620295378015,1.096636382675142,0.6927300896165666,0.4121127632415301,0.5949110186185775,0.5878872367584699,0.6265335588896491,30,17461,15646,16.203883503095046,8.017820942608346,725242010.4409819,[ 1.76309773 -0.89533927 -0.70963199],"[[ 0.19463922  0.91284154 -0.35893717]
 [-0.26991126  0.40165334  0.87511286]
 [ 0.94300768 -0.0734501   0.3245637 ]]"
object_557,1.9672361208674904,1.7834052142318162,0.8980097824596468,0.9065537152934084,0.4564829676183722,0.5035365912880632,0.5435170323816279,0.22505699519705794,13,25557,22870,11.615843814668873,5.898325252515323,1091160149.559282,[ 1.14066647 -0.19460545 -0.52141769],"[[ 0.91616036 -0.29314325 -0.27334452]
 [ 0.37978938  0.85287595  0.35827733]
 [-0.12810239  0.43205283 -0.89270383]]"
object_564,1.9806215423240736,1.6461476548806109,0.8275829027028953,0.8311268052497354,0.41783999871666766,0.5027391681719565,0.5821600012833323,0.3746360386921892,30,9602,8594,13.543784708781235,6.694950347912168,395708936.2653444,[-0.0629314  -2.70396393  1.08602597],"[[-0.08041044 -0.24504613 -0.96617108]
 [-0.94440675 -0.29128476  0.15247648]
 [-0.31879469  0.92471919 -0.20800088]]"
object_595,2.361775487565412,1.641193986824623,1.0097909195945654,0.6948983912592024,0.427555847247567,0.6152782228676731,0.572444152752433,0.6327933903460344,30,12417,11106,14.716299160764047,7.131735787310892,515323329.23651433,[ 0.25834143 -1.16744504 -2.65781815],"[[-0.32110056 -0.9249204   0.20351091]
 [-0.33904159 -0.08837958 -0.93661083]
 [-0.88427667  0.36974493  0.28520775]]"
object_596,1.9589744963123716,1.8155346817451403,1.3807253967122652,0.9267781102626673,0.7048205065004068,0.7605062082235053,0.29517949349959316,0.28035466887041344,30,18588,16660,14.100689539444062,5.511726340539815,775982666.4231008,[-1.13320157  1.4696069   1.24060679],"[[-0.95655908  0.18098933  0.22855543]
 [-0.14895006 -0.97731979  0.15053208]
 [-0.25061645 -0.10994949 -0.96182249]]"
object_614,1.8832867317165447,1.190356368016709,1.0206715445196308,0.6320632689488256,0.5419629031153038,0.8574504005218239,0.4580370968846962,0.8502283018219482,30,18387,16452,13.457177992164112,6.061448787016382,775026078.4676471,[-1.51559836  0.79674192 -0.63230076],"[[-0.95678449 -0.24294504 -0.15981598]
 [-0.00159668 -0.54518021  0.83831735]
 [-0.29079356  0.80234422  0.52123207]]"
object_624,3.170344249562323,2.1296348584870852,1.0234228916557082,0.6717361557127712,0.3228112820230785,0.4805626126831707,0.6771887179769215,0.6126087309791838,21,6061,5426,17.84572563871458,8.785525328226637,247473812.46386552,[-2.96398535 -4.35609341  0.92721855],"[[ 0.34433937 -0.48977841  0.80096661]
 [ 0.20964565 -0.79148497 -0.57410821]
 [-0.91513884 -0.36560722  0.16985953]]"
object_643,7.340929301938053,3.170827573709945,2.1480919285616222,0.4319381706717739,0.2926185282828581,0.6774546640037896,0.7073814717171418,0.8896021361375923,30,21696,19123,53.236627810400975,17.357363966547645,884186628.1672245,[ 0.75694684  2.72388034 -4.40839064],"[[ 0.25816357  0.56930566 -0.78053996]
 [-0.83068898 -0.28169558 -0.48021184]
 [ 0.49326198 -0.77235915 -0.4001924 ]]"
object_660,3.5370760478707215,2.86975683627681,2.604158044357896,0.8113359162872312,0.736245986547439,0.9074490254500103,0.263754013452561,0.7462389230479498,30,27045,24268,30.602969550888137,10.929718105812766,1110785096.5599842,[ 1.93023425 -1.83792272 -0.38470522],"[[-0.92135861  0.21921822 -0.32100105]
 [-0.28952722 -0.93803854  0.19041452]
 [-0.25936903  0.2683786   0.92773953]]"
object_664,2.7089402078635585,1.7719178768765547,1.174152656957038,0.654100032083765,0.4334361657554077,0.6626450764336628,0.5665638342445922,0.7045066318826783,25,30336,27143,14.361845750500201,7.498333936977018,1301520740.6184025,[-1.44897743 -0.62040603  3.96076931],"[[ 0.13713745 -0.09240161 -0.98623286]
 [ 0.30716596  0.95052684 -0.04634428]
 [-0.9417231   0.29658163 -0.15873546]]"
object_666,2.5065805159997416,1.5866359051985457,1.39123179003117,0.6329882064712855,0.5550317578672639,0.8768437582137513,0.4449682421327361,0.8661533499260737,30,26517,23742,22.218424415428853,8.161657832820667,1109579441.7417495,[ 0.37391914 -0.08242874 -1.81806791],"[[-0.10932597  0.23163213 -0.96664078]
 [-0.01863666  0.97182122  0.23498128]
 [-0.99383123 -0.04370451  0.10192845]]"
object_676,2.769636240317756,1.4025545747097985,1.1439249925892714,0.5064038931512845,0.41302355014607645,0.815601056255483,0.5869764498539236,0.8964851040095912,30,17910,15998,12.57568652767843,8.172780950434303,763264642.9757583,[-3.9209361  -2.24193752 -4.79760692],"[[-0.28762691 -0.19443591  0.93779819]
 [-0.12635844 -0.96291232 -0.23839758]
 [-0.94937048  0.18706828 -0.25239087]]"
object_683,1.9644722388590703,1.3627955300637742,1.2127964978870736,0.6937209409766264,0.6173650479232242,0.8899328410846188,0.3826349520767758,0.838236309933487,30,22967,20523,12.577402366458722,5.907865659465632,981846740.0956624,[-1.20832517  1.46803845  0.00930032],"[[-0.66450557 -0.74521712 -0.05553189]
 [-0.35481849  0.24924151  0.90110072]
 [ 0.65767483 -0.61849019  0.43003919]]"
object_708,2.141668603784313,1.9112724062198105,1.5270522826688422,0.8924221062225062,0.7130198761706419,0.7989715530341936,0.2869801238293581,0.41412059467905743,29,15475,13880,13.171074808393369,6.388646714859414,639691230.0805308,[0.6198549  0.85313132 0.06176679],"[[-0.89373673 -0.34836983  0.28261834]
 [ 0.43500372 -0.51915128  0.73569947]
 [ 0.10957383 -0.78046167 -0.61552674]]"
object_720,1.510563901129648,1.0631456794375216,0.9650995459718986,0.703807153502389,0.6389001784367854,0.9077773297094184,0.36109982156321463,0.8527372339011938,28,7937,7101,8.46752065280705,4.074010601599028,330979960.3228238,[-1.25905711  2.14664462  0.15359591],"[[ 0.88042556 -0.20655816  0.42683083]
 [-0.40860811 -0.78721641  0.46187632]
 [-0.24060391  0.58105426  0.77748679]]"
object_746,3.107845893937414,2.5777265631984094,2.199930667671847,0.8294254770569135,0.7078634986256334,0.853438335578232,0.29213650137436664,0.6254461272420161,30,21102,18914,17.797487224860184,8.719916668100952,879873576.9479511,[1.77172694 1.66544877 0.52075864],"[[ 0.97463036 -0.20565874  0.08831846]
 [ 0.01767468 -0.32264321 -0.94635562]
 [-0.22312166 -0.92390792  0.31082291]]"
object_748,2.5739827401724638,1.6684187436684985,1.2342453737082981,0.6481856764729937,0.47950802250740826,0.7397695443018427,0.5204919774925918,0.752988404179832,30,14487,12912,9.791416149597906,6.7084117587804055,607863396.3306172,[4.0234154  3.87604441 2.71703171],"[[ 0.65805367  0.75154862  0.04626057]
 [ 0.64838572 -0.53434503 -0.54228346]
 [ 0.38283328 -0.38684631  0.8389211 ]]"
object_751,2.2607666534934565,1.8903619417808912,1.281170122987998,0.8361596889532158,0.566697195842068,0.6777380006820388,0.433302804157932,0.44315397249147,18,15569,13927,11.52631067023158,6.133040041212819,646480287.1114956,[ 3.65196597 -2.7023736   2.40939005],"[[ 0.4540944   0.87954881 -0.14209912]
 [-0.88897919  0.43667626 -0.13794867]
 [ 0.05928127 -0.18896488 -0.98019284]]"
object_781,2.427442324393737,1.5730735230500208,1.4401733706073638,0.6480374455211421,0.5932883991248084,0.915515612909829,0.40671160087519165,0.8951227231064784,30,18814,16800,19.07139034192015,6.551248848115405,787333272.1184583,[-0.99443718 -1.34742009 -2.12858985],"[[ 0.19775175  0.77074184  0.60568248]
 [ 0.71516117  0.3091381  -0.62687968]
 [ 0.67040193 -0.55712714  0.49007204]]"
object_786,17.541002528154277,6.990266549624232,6.287462249694516,0.39851009304653306,0.3584437229059623,0.8994595849900036,0.6415562770940377,0.9652005025989194,30,40702,36748,81.28171560319427,33.433447652480886,1776836991.8590398,[ 9.35623678 -8.48817285 -7.73392347],"[[-0.67063598 -0.73211829  0.11937415]
 [ 0.63595403 -0.48461969  0.60058823]
 [ 0.38185057 -0.47869255 -0.79059698]]"
object_787,2.075940922371636,1.5470291165088568,1.2635456759195915,0.7452182766075396,0.6086616735104714,0.8167562345374627,0.3913383264895286,0.7063190587560495,26,27754,24823,17.88817810450158,7.253808994206733,1176635667.2091532,[ 0.55106179 -0.08983579  0.45685071],"[[-0.34167537  0.14591969  0.92842091]
 [-0.60088756  0.72565998 -0.33518909]
 [ 0.72262859  0.67240243  0.16025882]]"
object_788,2.4119835829602057,2.2472050667183283,1.5921645476471027,0.9316834005811738,0.6601058808588794,0.7085087922003469,0.33989411914112055,0.23387443414896025,17,19681,17645,13.239277343294408,6.516578579812287,813780566.6871879,[-1.72875313 -1.92786008  3.28806588],"[[-0.55329155 -0.24866379 -0.79500615]
 [ 0.59845357 -0.78253434 -0.17173622]
 [ 0.57941504  0.57079447 -0.58178337]]"
object_810,1.8867782226797696,1.512064325915332,1.0797144674671806,0.8014001368787076,0.5722529836780045,0.7140664910625233,0.4277470163219955,0.5319609094219668,11,25329,22644,11.594534946949947,5.652575219267717,1085601353.712953,[-2.21858958  0.56102422 -0.73532972],"[[-0.59971281  0.79917521 -0.04078629]
 [ 0.79959247  0.60047774  0.00885291]
 [-0.03156628  0.02730321  0.99912867]]"
object_815,2.580844687740712,1.9084420557312327,1.74122187880996,0.7394641238182741,0.6746713148144675,0.9123786984157604,0.3253286851855325,0.8318232811297702,13,24023,21537,18.45710754370256,7.539469669841694,1002740904.1315854,[ 3.01086848 -4.51724358 -0.10718925],"[[-0.6639098  -0.47830431  0.57484674]
 [ 0.69572402 -0.6769335   0.24026888]
 [-0.27421137 -0.55945155 -0.78219057]]"
object_838,24.34179018572225,6.861517937370964,5.815816937273958,0.28188222332947427,0.23892313970749954,0.8475991741708289,0.7610768602925004,0.9762721944803228,21,6897,6147,61.355560681358845,56.0732193700865,282804611.34132457,[  0.80935066 -13.1139181   -2.52448481],"[[-0.04213078  0.89322596  0.44762974]
 [-0.97797392 -0.12854094  0.16445132]
 [-0.20443094  0.43084174 -0.87896722]]"
object_890,3.32415929024805,2.039113939565964,1.9440294321616096,0.6134224510684639,0.5848183743374541,0.9533696937873939,0.4151816256625459,0.947909992021145,30,26359,23593,27.524402692496498,11.555247712330292,1100801220.732364,[ 0.36713557  1.10919997 -1.10456569],"[[ 0.74344332 -0.23352396  0.62670455]
 [ 0.30327519  0.95289143 -0.00469908]
 [-0.59608404  0.19355744  0.77924279]]"
object_893,2.1748975250964744,1.861332996842314,1.347219586639398,0.8558256080408886,0.619440489077589,0.7237928887119653,0.380559510922411,0.43414791343912784,18,13925,12508,15.340952525933934,6.749554004728375,571254826.740432,[ 1.26630043  1.45799196 -1.19486386],"[[ 0.2106015  -0.68692602  0.69554271]
 [ 0.82237182  0.50917421  0.25386259]
 [-0.52853723  0.51853088  0.67214145]]"
object_900,1.970092064759646,1.584610254540472,1.090881521457195,0.8043330983792357,0.5537210879483868,0.6884226063358049,0.4462789120516132,0.5091604456161475,30,9510,8508,12.655935930937535,6.017462606708998,385853225.77254033,[-0.15017564 -0.02785468 -1.16382706],"[[ 0.58659868 -0.1423641   0.79726687]
 [-0.71470355  0.37202264  0.59228201]
 [-0.38092102 -0.91724131  0.11647986]]"
object_904,2.3325471482248243,1.1568448984812805,1.0071670959778622,0.49595777704287464,0.4317885264374453,0.8706154967706414,0.5682114735625547,0.9268242262593495,30,11255,10068,12.396787576012326,6.499209272888902,470799875.1970376,[ 1.89357343 -1.31742116  1.0730377 ],"[[-0.12905029  0.52737433  0.83977517]
 [ 0.52809411 -0.68022999  0.50833431]
 [-0.83932272 -0.50908101  0.1907194 ]]"
object_905,21.007054903763752,6.609864661678688,5.565275685977654,0.3146497541877907,0.2649241272264464,0.8419651491872236,0.7350758727735536,0.9690049437645631,30,16563,14751,79.8831591099128,48.05479373116385,678106784.6437576,[-8.1016428   5.63441534  7.14163169],"[[ 0.57049619 -0.02621491 -0.82088177]
 [-0.53429287 -0.77092677 -0.34670312]
 [-0.62375094  0.63638408 -0.45381722]]"
object_907,1.9911388416965912,1.70722229797637,1.3426497999350706,0.8574099717334105,0.6743124948489468,0.786452825461898,0.32568750515105316,0.48569016831252215,17,8117,7273,11.737749418475259,5.39818286442999,335144332.5536117,[ 3.52133456  0.88246968 -0.84283837],"[[-0.93267397  0.15198407 -0.32713929]
 [-0.32864763  0.01581193  0.94432024]
 [ 0.14869433  0.98825646  0.03520183]]"
object_920,1.9078990739444996,1.4934077875779832,0.9272463745615112,0.782749888593649,0.48600389151846957,0.6208929552090553,0.5139961084815304,0.5070731888639205,12,3682,3305,11.219778535134045,5.614787154693196,151068617.57229507,[ 0.61316742  0.97645858 -0.66119963],"[[ 0.45479176  0.87491507  0.16639736]
 [-0.87025374  0.39687062  0.2918084 ]
 [ 0.18926934 -0.27751998  0.9418916 ]]"
object_921,2.2742637196352273,1.7686573632044273,1.548875181635889,0.7776834972718577,0.6810446687705661,0.8757350145138681,0.31895533122943387,0.7370840668062679,13,20685,18555,17.307161507771053,7.331155093141027,857423935.9874519,[ 1.14050479 -0.27911389  1.19760304],"[[ 0.51157111 -0.79258048 -0.33183004]
 [-0.74455733 -0.21614294 -0.63159845]
 [ 0.42886989  0.57017401 -0.7006941 ]]"
object_926,5.5047465798419735,3.605930008645312,2.9490202894061985,0.6550583131020045,0.5357231702918569,0.8178251608699684,0.4642768297081431,0.800698538720385,30,25248,22514,42.64442341845381,17.367499807151205,1056385019.8558501,[-0.37718282  2.46658812 -0.57480404],"[[-0.8604958   0.5069922   0.05005888]
 [ 0.47981056  0.77346872  0.41415935]
 [-0.17125658 -0.38040116  0.9088268 ]]"
object_929,1.8272833546541363,1.1634245334174635,0.9180995622377105,0.6366962903997304,0.5024396243195058,0.7891354667765762,0.49756037568049416,0.795417450248261,30,6276,5621,12.013482570194855,5.475637239879889,257274871.76710883,[ 1.64236066  1.29138178 -1.12060755],"[[ 0.9821804  -0.06930493 -0.17469539]
 [ 0.00426733 -0.9210613   0.38939425]
 [ 0.1878921   0.38320088  0.90435261]]"
object_932,2.451363352278288,1.3143559743283264,1.0199176601505717,0.5361734616399355,0.41606139669285014,0.7759828235815482,0.5839386033071499,0.8616811280066515,30,5745,5119,13.223166207543791,6.6428526621111015,235975999.96247444,[ 1.48114717 -1.71566931  1.31920184],"[[-0.47245412  0.87226475  0.1262589 ]
 [ 0.83457752  0.39671433  0.38222781]
 [-0.28331513 -0.28595794  0.91540187]]"
object_941,1.9870979541370235,1.4416767414744065,1.0313518682918643,0.7255187085633693,0.5190241709748878,0.7153835798426617,0.48097582902511216,0.6482529241209668,16,5168,4637,10.56982459748656,5.652039261858714,211797448.5637577,[-0.2463016   1.72890955  0.38307945],"[[ 0.22003173  0.46259566  0.85883135]
 [ 0.88587312  0.27386176 -0.37447102]
 [-0.40842974  0.84321112 -0.34954278]]"
object_954,15.49887811040104,5.6664735021941475,5.233464180706356,0.36560539813468634,0.3376672907179175,0.9235839854681888,0.6623327092820825,0.9778233253958061,30,12461,11139,76.40641077173147,29.62341159803424,531637702.11328804,[-9.20263315 -6.42871543  4.91057102],"[[ 0.61849868  0.78225023 -0.07445773]
 [ 0.53763896 -0.49038045 -0.68590915]
 [-0.57306521  0.38420253 -0.72386786]]"
object_967,2.5113759546186394,1.6897233142179633,1.4970790960207148,0.6728277027222527,0.5961190690177055,0.8859906728064482,0.4038809309822945,0.8490027570100178,30,6383,5718,12.105319582951136,6.391597921388285,260388532.5109436,[ 4.72716479  1.304723   -1.99532815],"[[ 0.90896962  0.41685726  0.00206289]
 [-0.40803365  0.89072075 -0.20031247]
 [ 0.08533917 -0.18123622 -0.97972989]]"
object_975,1.4956221756595862,1.2590876275777716,1.0237884449328516,0.8418487289562284,0.6845234455562611,0.8131192956779444,0.3154765544437389,0.548128642146018,15,14500,12999,10.985782424389821,4.914693940154193,589144047.1577089,[1.22406315 1.02421216 0.94884233],"[[-0.48709764 -0.14559394  0.86112618]
 [-0.01040111 -0.98496931 -0.17241599]
 [-0.87328558  0.09294008 -0.47826189]]"
object_979,2.1144529314966634,1.4117470866842028,1.2418748318391442,0.66766541153741,0.5873267800575318,0.8796723177633461,0.4126732199424682,0.8460807908694359,30,5388,4820,10.794799780887809,5.7618678386174,218033459.73021048,[ 1.30289318  1.03395565 -1.12361145],"[[-0.74966422  0.62952527 -0.20420944]
 [-0.04856503 -0.36005326 -0.93166683]
 [ 0.66003409  0.68851985 -0.30049196]]"
object_984,3.0976976855434115,2.1459098726770423,2.0556143647913276,0.6927434793562166,0.6635942475550912,0.9579220408855894,0.3364057524449088,0.9293545603366035,20,22521,20168,22.471814372502152,9.731248282327108,948575729.7493932,[0.2936493  0.2390204  1.38748327],"[[-0.99377357 -0.01418743  0.11051162]
 [-0.10865484 -0.09614336 -0.98941932]
 [ 0.02466228 -0.99526638  0.09400319]]"
object_988,2.856683165219481,2.0868145603958945,1.4278038933690194,0.7305026282939442,0.49981177848237857,0.6842025738492774,0.5001882215176214,0.6216652284091216,30,5983,5349,20.18272919963051,7.959501153161704,240698680.27140293,[-5.54704642  1.24246431 -0.83632828],"[[-0.88059897  0.2441414  -0.40612859]
 [ 0.44965199  0.7009648  -0.55358959]
 [-0.14952771  0.67010695  0.72704755]]"
object_1004,1.8358945831341194,1.5489957910576708,1.0204435023283245,0.8437280687507266,0.5558290283673532,0.6587774532502473,0.44417097163264685,0.4169325522576078,30,3909,3494,12.305687966855816,5.413997828086059,158536382.96017095,[-0.27362008  0.88888431  0.25945669],"[[-0.34331369 -0.84319254  0.41371736]
 [-0.74181412 -0.02673837 -0.67007229]
 [-0.57606208  0.53694637  0.61631248]]"
object_1009,3.985074381554658,3.6018144950047097,3.012384864139471,0.9038261648706213,0.7559168476459601,0.8363520298775221,0.24408315235403988,0.42721104914128366,28,45975,41293,21.160859673116246,13.841044907949966,1923523865.7917695,[ 1.75984001 -2.06756442 -1.47162887],"[[ 0.6193801   0.41756214  0.66483844]
 [-0.62540272 -0.24949501  0.73934003]
 [-0.47459428  0.87372427 -0.10661225]]"
object_1017,1.3057772861403778,0.8526716265650257,0.7447601639359711,0.652999279138448,0.5703577262684179,0.8734431177641336,0.42964227373158215,0.8501536804375714,30,4177,3730,8.458112042441655,3.5426555164476357,170885239.1179337,[ 0.8502081  -1.11510435  0.53187077],"[[-0.75846679  0.09921895  0.64411468]
 [ 0.58000289 -0.3479399   0.73656939]
 [ 0.29719484  0.9322518   0.20635358]]"
object_1085,1.3574847009052589,0.7880428706890614,0.720328172404965,0.5805169444366801,0.5306344682371769,0.914072316617893,0.46936553176282314,0.9228495321286424,30,5078,4548,9.136981231010504,4.330744151933413,204851107.39724267,[-0.76982674 -0.69624173  0.60977092],"[[-0.62694    -0.74305975  0.23411204]
 [-0.62889191  0.66006317  0.41086686]
 [ 0.45982736 -0.1103577   0.88112427]]"
object_1105,3.0530113371175003,2.1538796547390815,1.8185260127852516,0.7054935003198076,0.5956499377110772,0.844302516523629,0.4043500622889228,0.7784842288011322,30,10464,9380,26.612575043436006,9.221499511161134,422781033.95088,[ 0.96707057 -0.47455137 -1.80384756],"[[ 0.74185723  0.47287836 -0.47543024]
 [-0.31136729 -0.38501291 -0.86880117]
 [-0.59388405  0.79255985 -0.13838576]]"
object_1117,2.7330589234916314,2.2014276876005723,1.687228383659142,0.8054812388706676,0.6173406541501183,0.7664246221496934,0.3826593458498817,0.567467046806604,11,11155,10013,15.040114261733372,8.042249076291029,451520267.56386983,[ 0.78594132 -3.04120439  3.07678609],"[[ 0.36795151  0.83817703 -0.40258037]
 [ 0.56661394 -0.54539761 -0.61764884]
 [-0.73726544 -0.00084283 -0.67560266]]"
object_1132,1.9908818570913924,1.7020406670291557,1.1095387947699489,0.8549179656073498,0.5573102144749792,0.65188735866494,0.4426897855250208,0.39035856322044576,16,4192,3755,10.820770270399786,5.258149063845348,169921523.91074038,[ 2.75705083 -2.23392416 -0.90429885],"[[ 0.57008783  0.52991444  0.62784596]
 [-0.70101427 -0.08478917  0.70808883]
 [-0.42846104  0.8438018  -0.32314031]]"
object_1162,26.305313502036448,4.294859691887934,3.049566304127148,0.1632696638097639,0.11592966964225927,0.7100502747242529,0.8840703303577407,0.9866026489607519,30,15004,13375,66.49445081304155,29.13713938437694,609565100.300205,[ 9.18561889 -9.64164572  7.11092015],"[[-0.48225999  0.13147101 -0.86610662]
 [ 0.74555644 -0.45751811 -0.48458516]
 [-0.45996836 -0.8794274   0.12262362]]"
object_1188,2.100085905555356,1.8319195944783955,1.524424293261739,0.8723069802203899,0.7258866359843568,0.8321458528291957,0.27411336401564323,0.5053610179015675,14,17607,15791,13.121030813190773,5.934227703808725,723696281.7683443,[ 1.22681855 -1.48073209 -1.97789905],"[[ 0.07631301  0.99138559 -0.10644689]
 [-0.98545432  0.05873406 -0.15946817]
 [-0.15184239  0.11706805  0.98144738]]"
object_1219,3.8155473682445753,2.173191978652231,1.7662780984020137,0.5695623114887589,0.4629160453103293,0.812757508656655,0.5370839546896706,0.8598590587598984,27,21758,19470,42.40594239230458,12.214210092576204,927515428.0853658,[1.01228483 0.58105333 0.32925531],"[[ 0.59818252  0.68539485  0.41522473]
 [-0.4700212   0.71974406 -0.51092912]
 [-0.64904372  0.11046444  0.75268842]]"
object_1221,1.6381215246534337,1.1767911081554527,0.8370859607733984,0.7183783928389674,0.511003578290991,0.7113292707364851,0.48899642170900903,0.6549582271271706,30,6749,6038,10.256741814621769,5.077383688503673,274733514.8096007,[-0.15666305  0.17907924 -0.47980219],"[[ 0.23264085 -0.40852463  0.88260176]
 [ 0.8912438  -0.27371685 -0.36161246]
 [-0.38931057 -0.87073918 -0.30041732]]"
object_1243,13.614357043344336,4.7860580401401585,3.962617074080641,0.35154491871358134,0.2910616389348955,0.8279500668079229,0.7089383610651045,0.9575355960738338,30,7142,6388,69.69205230856649,21.816884976713443,291421090.36192167,[-2.79432524 10.23379307  3.19260574],"[[ 0.23711054 -0.92198968  0.30612681]
 [-0.9267076  -0.30922178 -0.21352965]
 [-0.29153321  0.23305991  0.92773459]]"
object_1251,2.406689658416076,1.5543016874243032,1.4712389380193,0.6458255562735254,0.6113122782052308,0.9465594420458683,0.3886877217947692,0.9307230803096572,21,6631,5951,15.14524917202401,6.89096838876127,265611027.07319754,[-0.80641871  1.4376703  -3.31138524],"[[ 0.55126879 -0.83385467 -0.02809088]
 [ 0.78598498  0.50773843  0.35274536]
 [-0.27987555 -0.21653652  0.93529761]]"
object_1269,2.6013323959273382,1.754179816217172,1.542628812068862,0.674338972967671,0.5930148774850961,0.8794017567682928,0.40698512251490393,0.8410286857268056,30,5874,5267,16.787822091643896,7.723739283023619,234666220.3631137,[ 2.94409838 -2.83931506 -2.73313828],"[[-0.47231459 -0.76455287 -0.43860898]
 [ 0.51532996 -0.64322735  0.56629816]
 [ 0.71509018 -0.04144254 -0.69780266]]"
object_1302,2.0571864354171407,1.6967813855575054,1.1784117433972587,0.8248068120347317,0.5728269072308506,0.694498273865771,0.4271730927691494,0.4758272278184533,30,5738,5146,11.680800716679634,5.715227873859717,230914837.68003953,[ 0.08245183  0.88649611 -1.25905389],"[[ 0.34248593  0.85537825  0.38862764]
 [-0.31159017 -0.28682104  0.90589473]
 [-0.88634923  0.43134875 -0.16829528]]"
object_1307,4.546595974522422,2.6961579427231626,1.9411480834987798,0.5930058350976236,0.42694536624241824,0.7199682380395672,0.5730546337575817,0.7928703461092313,30,14532,13016,34.79028711325763,14.110454012455403,589596193.8860993,[-2.53046158  0.43176958  1.33666632],"[[ 0.8651099  -0.50142003  0.01275998]
 [-0.15033979 -0.23494651  0.96031145]
 [-0.47852149 -0.83269327 -0.27863793]]"
object_1343,2.5278109496281553,1.1703820740130004,1.1189117854107276,0.4630022170705311,0.4426406118603613,0.9560226615349705,0.5573593881396387,0.9770662279948602,30,5802,5206,16.4741236053345,6.949768172443769,228724214.11344144,[ 0.20928048  0.62975238 -0.39112839],"[[-0.94704547  0.2191742  -0.23466476]
 [-0.09662631  0.50241639  0.85920959]
 [-0.306216   -0.83638534  0.45463317]]"
object_1404,2.4011827107422175,1.3763394921045211,0.8849480251714896,0.5731923214119294,0.3685467254168042,0.642972195630557,0.6314532745831958,0.7769859980447951,30,4645,4132,14.058297544564782,6.973602376675645,186850877.11315507,[-0.21748722  0.06415976 -0.28357237],"[[ 0.27897605 -0.92789378 -0.24735702]
 [ 0.17139822 -0.20533484  0.96356642]
 [ 0.94487831  0.31120851 -0.10175584]]"
object_1446,1.65753375282201,1.4626698528860715,1.4321140102852936,0.8824374468367985,0.8640029247350581,0.9791095423615339,0.13599707526494187,0.872998313677974,26,14176,12732,10.102749479061387,4.755580937932366,570997829.685348,[ 0.24828771  1.44707766 -1.0297233 ],"[[ 0.94723805  0.04992136 -0.31661955]
 [ 0.0612777  -0.99778191  0.02600579]
 [ 0.31461902  0.04403539  0.94819606]]"
object_1456,5.220085795245381,2.392255701994974,2.234731182954694,0.4582790007347995,0.42810238578648613,0.9341523070009131,0.5718976142135139,0.967249832961771,30,51527,46369,25.69408300049822,15.561462076942014,2169172975.8250036,[ 1.63367468 -4.19201663  0.07201324],"[[ 0.37527287  0.65538942  0.65546547]
 [-0.92039959  0.34717103  0.17982455]
 [ 0.10970352  0.67077343 -0.73350402]]"
object_1492,3.0658112226966288,2.0590870695395114,1.7717411333945907,0.6716287859786676,0.5779028794330661,0.860449837019674,0.42209712056693394,0.8241613835477483,30,15973,14319,37.0036728761846,10.26600858269859,660485360.1683832,[-3.68674168 -0.06336808 -1.45823973],"[[-0.92336153  0.03583585 -0.3822555 ]
 [-0.08832254 -0.98875767  0.12065402]
 [-0.37363432  0.14516906  0.91614591]]"
object_1496,2.7735836740767272,2.51246701104075,1.9214715030326774,0.9058558551968338,0.6927757474893194,0.7647748187693569,0.30722425251068064,0.3450074243726808,30,7920,7040,18.21606178709788,8.180664507520438,317361455.5629233,[-1.49626499  1.30998476 -0.65570271],"[[ 0.79742683  0.20090636  0.56898777]
 [-0.55888594 -0.1096028   0.82196942]
 [ 0.22750153 -0.97345974  0.02488353]]"
object_1502,2.8635977775491033,2.6334568941843375,1.6861086672266115,0.9196322594014098,0.5888077859418226,0.6402643882078242,0.4111922140581774,0.23614761112181654,23,4272,3825,14.015809256845357,8.35715967519493,171375409.44805688,[ 0.15723791  0.02193679 -1.54771668],"[[-0.86075728  0.15747137 -0.48404512]
 [-0.02758392  0.9351159   0.35326673]
 [-0.50826768 -0.31742877  0.80056414]]"
object_1511,2.4149243698335243,1.6491183577518902,1.3573403995938198,0.682886130245799,0.5620633161639715,0.8230703352573021,0.43793668383602846,0.7801174807404032,30,7120,6374,15.209871262525109,7.145294699769767,286597763.6091126,[-0.1231313   1.4151143  -1.06116114],"[[-0.24299598 -0.33021202  0.91209264]
 [-0.19705751 -0.9038648  -0.37973248]
 [-0.94980066  0.27200817 -0.15456476]]"
object_1530,2.9678499198306567,2.226482290092108,2.0070813190866814,0.7502004313678872,0.6762745331816522,0.9014584701698435,0.3237254668183478,0.8056704920905071,30,4024,3585,39.833842773995684,6.845770509249969,159664249.46454486,[-3.51037874 -2.66027874 -0.48463211],"[[-0.91247211 -0.40843332  0.02401797]
 [-0.35735609  0.76702505 -0.5328876 ]
 [ 0.19922667 -0.49482804 -0.84584511]]"
object_1555,3.7378989089887025,2.32683931509114,2.2185680262961585,0.622499262753115,0.5935334476170725,0.9534685149538396,0.4064665523829275,0.9456192723438162,14,15310,13800,45.10155583018575,11.270391822438809,614663754.9476311,[-1.11366653 -1.04806949  1.16687296],"[[-0.07285694  0.62440303 -0.77769706]
 [ 0.03835034 -0.77743873 -0.6277884 ]
 [-0.9966048  -0.07556369  0.03269573]]"
object_1655,2.7685934861212016,2.55072532779827,2.2154721011802847,0.9213072777151677,0.8002157457518837,0.8685655319432732,0.1997842542481163,0.42038342527053685,30,16368,14697,22.341735303354213,9.205444294482676,662845326.4088542,[-1.27470347 -0.59508349  1.48832176],"[[-0.8146408  -0.19348126 -0.54674068]
 [ 0.09258341 -0.97400687  0.20673395]
 [ 0.57252833 -0.11779479 -0.81137889]]"
object_1684,4.485128050587053,3.036317348479744,2.584424173821895,0.6769745064652779,0.5762208223873614,0.8511706377187128,0.4237791776126386,0.8109733540493823,30,5564,4969,23.43313210689598,12.693986654655346,226291881.09878254,[2.96856313 1.75890172 4.26249613],"[[-0.83005451 -0.51410992  0.21610299]
 [ 0.18150604 -0.61545036 -0.7669918 ]
 [-0.52731875  0.597421   -0.6041714 ]]"
object_1782,2.2747630288811713,1.323744054635772,1.1678151635656187,0.5819261337682491,0.5133788217667673,0.8822061632502991,0.4866211782332327,0.8980500954233269,30,3812,3416,11.998154747179248,6.371545940853331,153458556.75845444,[-1.27786172 -0.50203428  0.72863626],"[[-0.26514779  0.1944224   0.94440276]
 [-0.25124684 -0.9595548   0.12700239]
 [ 0.93089832 -0.20360381  0.30327184]]"
object_1883,8.983740151840214,3.4146969237668308,3.054684137156929,0.3800974723280893,0.34002365223477804,0.8945696222396324,0.659976347765222,0.9673693699403444,28,11547,10332,40.89575347763818,26.233200027151117,469360683.9134213,[-1.50206119  1.7026676   1.09237559],"[[-0.98857989 -0.0342099   0.14676335]
 [ 0.01822653 -0.99388573 -0.10889879]
 [-0.14959141  0.10498016 -0.98315898]]"
object_1906,3.0128977724389583,1.8723678653126934,1.618212336634413,0.6214508445791046,0.5370950025046687,0.8642598319557063,0.4629049974953313,0.8626477399483238,30,8093,7280,21.724950379437804,8.456540724900435,324155847.9638388,[-0.96814657 -0.29696447  0.2264809 ],"[[-0.4732387   0.4164264  -0.77629517]
 [ 0.75820773  0.64119948 -0.11825508]
 [ 0.44851553 -0.64455588 -0.61917812]]"
object_1969,8.040996668905265,3.4917810206930477,2.770874413267375,0.43424729103493503,0.3445934039473509,0.7935418621175198,0.6554065960526492,0.9207651983296412,30,31518,28122,32.52896211846696,23.855636086384056,1390101764.2085824,[ 0.24926449 -5.51785912  2.57674202],"[[-0.90074407 -0.42208956  0.10247202]
 [-0.10350693  0.4377145   0.89313623]
 [ 0.42183697 -0.79388061  0.43795794]]"
object_2168,4.399339438696227,3.6021537322473356,2.87123442353258,0.8187942263702337,0.6526512590225338,0.7970882524609119,0.34734874097746615,0.5741278975008333,29,5383,4817,24.732443382823693,12.700885787316317,217445085.41402948,[ 1.17905848  1.47369896 -0.58806437],"[[ 0.02390828  0.94636634  0.32220977]
 [ 0.94466147  0.08409296 -0.31708529]
 [-0.32717442  0.31196012 -0.8919853 ]]"
object_2239,4.887570105136433,2.4751462185006963,2.318039099965569,0.5064165148034443,0.4742722968882842,0.9365261262705142,0.5257277031117158,0.9593280011302289,30,16183,14483,32.752788856805054,15.210687614991965,679443003.8106172,[ 0.41793947 -2.6647156   0.23207117],"[[ 0.36316059 -0.91166789 -0.19229155]
 [ 0.79531059  0.19580149  0.57370972]
 [ 0.48538176  0.36128026 -0.79616651]]"
object_2283,1.8640018559876803,1.622136315784828,1.0742653227692804,0.8702439381023606,0.576322024207459,0.6622534199596692,0.42367797579254096,0.36336666251666033,21,4918,4417,11.998263542203183,5.4094513977291685,194610481.89669478,[-0.45358145  0.03264865  0.16210159],"[[-0.65819309 -0.66595487 -0.35112102]
 [ 0.02851666 -0.48810857  0.87231693]
 [ 0.75230888 -0.56414018 -0.3402605 ]]"
object_2361,2.8571841181259057,2.6683711611264522,2.2759296784150282,0.9339164193859161,0.7965638839921398,0.8529284499740453,0.20343611600786016,0.34967174951333113,30,6843,6160,22.04439985416375,8.099519132611958,274817067.02263796,[ 0.55207607 -2.01827715 -0.71434135],"[[ 0.87181148 -0.42540147  0.24285455]
 [ 0.34412885  0.88472648  0.31437937]
 [-0.3485973  -0.19050629  0.91770762]]"
object_2374,2.274344193117346,2.237237023057986,1.8407245567017356,0.9836844527879052,0.809343001939708,0.822766894044032,0.19065699806029202,0.09382111245390286,15,4762,4271,14.111262239237085,7.300487522660362,189750723.63786983,[-0.45464132  0.89799944 -1.49818929],"[[-0.63551334  0.2151149   0.74151762]
 [-0.06911498  0.94069742 -0.33213172]
 [-0.76899019 -0.26232411 -0.5829581 ]]"
object_2406,1.8090860377360978,1.305199962733712,1.2788695597222766,0.7214692587905039,0.7069147254724615,0.9798265371106147,0.2930852745275385,0.9584436464137084,30,17436,15560,25.767863066352533,6.522781360878113,789530301.9668927,[ 0.81350825  0.24275336 -0.73724732],"[[-0.88788028 -0.41507297  0.19845158]
 [-0.45920169  0.8260718  -0.32670965]
 [ 0.02832691  0.38120836  0.92405507]]"
object_2768,2.386998554752211,2.056989448245427,1.672703097032754,0.8617472533237284,0.7007558063672115,0.8131802029706754,0.29924419363278854,0.5057394074102326,30,7484,6717,22.890372634839082,7.571413180044792,295802921.88305736,[-1.29370128  0.30781754 -0.54766595],"[[-0.83630455 -0.41766862 -0.35517267]
 [-0.452411    0.15977177  0.87738092]
 [-0.30970791  0.89444167 -0.32257573]]"
object_3061,2.9890945167222105,2.1798953820617437,1.7868348512119532,0.7292828546794096,0.5977846606106539,0.8196883510629606,0.40221533938934606,0.7284586767313307,30,56311,50263,27.292089380800093,20.0761546902684,2525179393.8724785,[-1.27989223  1.34011182  1.59656839],"[[ 0.75949976 -0.15168296 -0.63257601]
 [-0.60522216 -0.52124874 -0.60166925]
 [-0.23846648  0.83981667 -0.48769018]]"
object_3094,3.487231976914079,2.108676186005257,1.592881902327863,0.6046848044423091,0.45677543474966525,0.7553942672181778,0.5432245652503347,0.8016065148735977,30,36043,32075,29.10742011558637,18.916812805513782,1557113011.5606563,[-2.47923681 -1.29869099  0.70843264],"[[ 0.89114614  0.43787    -0.11886302]
 [ 0.37761538 -0.86100358 -0.34070436]
 [-0.2515257   0.25873287 -0.93262646]]"
object_3117,5.456356332522597,3.6538404459313965,2.7026056656766984,0.6696484289621427,0.4953132641957096,0.7396616534490684,0.5046867358042904,0.7308821125446883,30,5614,5000,29.082723692181222,14.636548590001455,224845681.72146434,[ 2.52266328 -5.26127402 -2.57859878],"[[-0.05202806 -0.8164114   0.57512216]
 [ 0.94391969 -0.22823069 -0.23859249]
 [ 0.32605016  0.53045563  0.7825012 ]]"
object_3307,5.332333225192484,3.0537484293347483,2.5626122705297987,0.572685220591126,0.48057991920362303,0.83916941091577,0.5194200807963769,0.8738545041671867,20,5385,4822,34.74716556108758,11.727287012677841,219582601.4716981,[-2.27403955  0.85889876 -3.21937814],"[[-0.46509638  0.47320516  0.74817259]
 [-0.18269705 -0.87825834  0.44190959]
 [-0.86620272 -0.06884163 -0.49492796]]"
object_3659,11.597339102079916,6.503302100736618,3.2439120702117723,0.5607581224877944,0.27971175471018134,0.49880999221062483,0.7202882452898187,0.7437395153938884,30,9866,8750,26.87336116172734,22.79156760892257,396462224.01351553,[ 0.71448846  2.12436686 10.35761129],"[[ 0.19579102 -0.11858358  0.97344944]
 [ 0.32713371 -0.92790231 -0.1788319 ]
 [ 0.92447251  0.35346181 -0.14288225]]"
object_3792,2.0256512905350075,1.7590319445315754,1.7377123002817196,0.868378458202935,0.8578536238696649,0.9878798993297798,0.1421463761303351,0.9312033698130243,30,4585,4082,12.484422102754563,5.097454236444472,184970778.21481973,[ 0.52441054 -0.11704519 -0.27986945],"[[-0.83262171 -0.11261186  0.54227267]
 [-0.11188893 -0.92472041 -0.36383105]
 [-0.5424223   0.36360794 -0.75734227]]"
object_4199,3.8865949228834333,2.7677426624682675,1.9366996829372352,0.7121253223927184,0.49830242702535443,0.6997397948876107,0.5016975729746456,0.6556884476684363,30,7199,6407,19.660768841303188,10.453583874570187,288957197.6696477,[2.97244704 2.63434397 3.05009607],"[[-0.10915139 -0.2321222   0.96654294]
 [ 0.75397792  0.6143113   0.23267774]
 [ 0.64776792 -0.75414913 -0.10796209]]"
object_4661,4.897698616807123,4.156642548032531,3.2039848376573237,0.8486930032338951,0.6541817062124671,0.7708107686993364,0.3458182937875329,0.4889817285438239,19,4755,4268,23.13608246232231,12.871885164611385,191128863.49190497,[ 3.09514113 -2.21421621  8.97737776],"[[ 0.01391398 -0.27900394 -0.96018915]
 [ 0.160142   -0.94726448  0.27756899]
 [-0.98699592 -0.1576287   0.03150003]]"
object_4739,2.604780405169321,2.231472657064739,2.0996859513573027,0.8566836009040404,0.8060894297232764,0.9409418236471749,0.19391057027672365,0.7597890929339217,20,6008,5380,15.164069056629637,6.952486713175176,241295121.05976003,[-0.1084948   0.20089337  0.07227633],"[[ 0.03190466  0.8911181  -0.45264846]
 [-0.216509   -0.43596413 -0.87353256]
 [-0.97575916  0.12587222  0.1790258 ]]"
object_4899,3.819652764104215,3.220266339023719,2.7749073907474906,0.8430782947828861,0.7264815840919147,0.8617012068600367,0.27351841590808534,0.6124607765616168,30,4310,3843,19.219256670291653,10.198454500070493,171067611.79708076,[-0.52259391 -1.89015053 -0.13336323],"[[-0.69213272  0.35025554  0.63108903]
 [-0.68488211 -0.04275806 -0.72739827]
 [ 0.22779113  0.93567772 -0.26947801]]"
object_6107,3.97714957376802,1.7740670886349403,1.5688783749155077,0.44606496580769994,0.39447306313630176,0.8843399356011302,0.6055269368636982,0.9486435122418904,30,21775,19185,21.664609986643974,13.067880016091483,1109315482.9001265,[-1.51122817 -2.17628882 -0.13332232],"[[ 0.68578325  0.71620493  0.12942885]
 [ 0.72445316 -0.65469367 -0.21574019]
 [ 0.06977794 -0.24171615  0.96783487]]"
object_7274,3.326995097800922,1.398876651541145,1.1193807941333744,0.42046249255545187,0.33645399564107054,0.8001997838052057,0.6635460043589294,0.9282955468576213,30,16062,14215,17.91810463738118,14.880500423192874,780076072.2786658,[-0.66787942 -0.91190429  0.63439639],"[[ 0.15709242  0.66491722  0.73021029]
 [-0.59284096  0.65484038 -0.46874692]
 [ 0.78984908  0.35926198 -0.49706062]]"
object_10928,2.519326064700665,1.2348867985210095,1.2137391603649206,0.49016553110116506,0.48177136630749373,0.9828748366397496,0.5182286336925063,0.9893753909893476,30,13038,11550,13.176349606276863,10.336355686223916,623402231.1526722,[-0.31787482  1.04413947  0.18060328],"[[ 0.55499136 -0.46719391  0.68826916]
 [-0.809822   -0.114272    0.57543917]
 [-0.19019178 -0.87673928 -0.44176388]]"
