Simulation,a,b,c,b/a,c/a,c/b,ellipticity,triaxiality,Iterations,Initial Particles,Remaining Particles,Max Radius,r_50,mass,Age Range,Snapshot,Redshift,Center of Mass,Rotation Matrix
m12c_res7100,0.4724130030114229,0.4037972658390912,0.2936963705068301,0.8547547659887919,0.6216940868152364,0.7273362039649494,0.3783059131847636,0.4391130292051642,30,70980,63672,2.880429558130192,1.7456168330813,354742437.24319816,"[11.996907462248528, 13.592778697191756]",102,3.50704241,[-0.01800212  0.01294035  0.01246015],"[[ 0.27999835  0.39997228 -0.8727102 ]
 [ 0.89955482 -0.42679103  0.0930083 ]
 [-0.33526414 -0.81109284 -0.47929778]]"
m12c_res7100,1.4750832721971954,0.7773695306010412,0.5247266637013507,0.5270004380451812,0.3557268078294653,0.6750028693504956,0.6442731921705347,0.8269088793688752,30,2516106,2254639,12.930911069849424,6.318216124139817,12604352129.232826,"[7.93314314636626, 13.595012249653497]",277,1.0,[0.06302962 0.14762774 0.38249819],"[[-0.14273751 -0.07678572 -0.98677756]
 [-0.64832445 -0.74607064  0.15183542]
 [-0.74786456  0.66142463  0.05671021]]"
m12c_res7100,0.7136409373908665,0.6917834141154574,0.341999220497369,0.969371819734274,0.4792315050587596,0.494373258333554,0.5207684949412403,0.0783011360221519,23,5507652,4912252,11.557573020705547,3.5325518364614124,28235589964.08021,"[5.183320899814174, 13.609740182276482]",382,0.49880669,[-0.05730874 -0.20288402 -0.22254711],"[[ 0.29057238  0.05919663  0.95502013]
 [ 0.50696268 -0.85600808 -0.10118798]
 [ 0.81151496  0.513562   -0.27874278]]"
m12c_res7100,0.6579874145629635,0.6536897782252147,0.2446517556747905,0.9934685128581018,0.3718182905326369,0.3742627830880676,0.6281817094673631,0.0151091342624463,18,8543864,7606970,11.145568384790346,3.8543349124388153,45292079816.95744,"[2.517235393560526, 13.609581710519718]",486,0.20076481,[-0.06634693 -0.18663693  0.04915382],"[[-0.42296572  0.10673107 -0.89983803]
 [-0.87122828 -0.32090967  0.37145426]
 [-0.24912101  0.94107676  0.22872092]]"
m12c_res7100,0.7046448312099398,0.6576819748260878,0.2178813823508256,0.9333524432397916,0.3092073803716169,0.3312868387619114,0.6907926196283831,0.1424751526431716,18,10843571,9682295,13.44646929273766,4.462208168893847,58669483417.52521,"[0.02301091474048304, 13.609740182276482]",590,0.0015949,[-0.08271116  0.04102713 -0.18528445],"[[ 0.10455969  0.33690774  0.93571387]
 [-0.78664591  0.60368002 -0.1294552 ]
 [ 0.60848623  0.72253969 -0.32814769]]"
m12c_res7100,0.8814837826116737,0.5322395142104064,0.4103869072726559,0.6037995533320862,0.4655637634724887,0.7710568199384397,0.5344362365275113,0.81126816390281,30,28338,25353,4.271760318660819,2.6299187939063096,140782343.34235606,"[11.647393395049477, 13.59043307555779]",120,3.0,[-0.11345179  0.52600564  0.55774593],"[[ 0.10633325  0.87684671 -0.46886362]
 [-0.72963763  0.38915499  0.56230537]
 [-0.67551623 -0.28230878 -0.68116046]]"
m12c_res7100,0.7574867547536298,0.7496827476890059,0.2543281892550908,0.9896975002986526,0.335752655289412,0.3392477551858975,0.664247344710588,0.0231032879889138,24,9696702,8644954,12.094317541673616,4.198211868112861,51972492337.50062,"[1.3410789573835231, 13.609740182276482]",534,0.0998249,[-0.14494363 -0.14246566 -0.24112437],"[[ 3.06909075e-01  2.54140239e-01 -9.17180221e-01]
 [-3.88027142e-04  9.63722301e-01  2.66906679e-01]
 [ 9.51738761e-01 -8.15601912e-02  2.95873734e-01]]"
m12c_res7100,1.7791300870166042,0.8066373653890041,0.5933653131365085,0.453388637107274,0.3335142930056979,0.7356035544551742,0.6664857069943021,0.8938649347687792,30,2986303,2675629,12.924554950924216,6.711317256579481,14978764703.03428,"[7.491911315208218, 13.595012249653497]",294,0.89728099,[-0.08017859 -0.1546168  -0.23246629],"[[-0.28635955 -0.51856983 -0.80565721]
 [-0.21489487 -0.78468628  0.58145303]
 [-0.93371216  0.33963623  0.11326442]]"
m12c_res7100,0.4242051260746647,0.2736551482335561,0.2488364472216037,0.6451009933939125,0.5865946258692918,0.9093066541150164,0.4134053741307082,0.890133716203931,30,12606,11272,1.4335176618018397,1.2953818997340203,62605933.13192121,"[12.667319957876277, 13.592778697191756]",67,5.0,[-0.05682657  0.07456518 -0.15419873],"[[-0.37221379 -0.81926656  0.43618711]
 [ 0.66856974 -0.56263997 -0.48626204]
 [-0.64379453 -0.11062807 -0.75715919]]"
m12c_res7100,0.6019397546817452,0.5592281042413493,0.2492587946134412,0.929043313540608,0.4140925942750336,0.4457193633921287,0.5859074057249664,0.1652070097209421,23,7492210,6668869,11.433967303813676,3.754428889322757,39207739580.02375,"[3.526423325127056, 13.609581710519718]",446,0.30020699,[ 0.02103724 -0.00190491  0.1095175 ],"[[ 0.45725214  0.08408276 -0.88535336]
 [ 0.62283079  0.68034414  0.38628184]
 [ 0.63482461 -0.72805353  0.25871949]]"
m12c_res7100,0.8891620202659982,0.6592577986775754,0.5076277194844382,0.741437200028353,0.5709057606088239,0.7699988085126995,0.4290942393911761,0.6679916644168028,30,520922,466123,8.739165994406353,3.2396884882528405,2535204473.327907,"[9.51796595051452, 13.608866920185935]",214,1.5,[-0.07184738 -0.08698183 -0.12683906],"[[-0.46593186 -0.12701071  0.87565734]
 [ 0.88454286 -0.09165539  0.45736553]
 [-0.0221684  -0.98765762 -0.15505159]]"
m12c_res7100,0.6937554125510215,0.6859633608402012,0.2217779529008517,0.9887683013784816,0.3196774380258133,0.3233087444046681,0.6803225619741866,0.0248798045892105,16,10861180,9698889,13.100813028661554,4.31290170444252,58759653903.65071,"[7.73983617963095e-06, 13.609740182276482]",600,0.0,[-0.05815512  0.02170015 -0.11958174],"[[ 0.34327595 -0.09111302  0.93480481]
 [ 0.09431957 -0.98690834 -0.13082713]
 [ 0.93448673  0.1330802  -0.33018816]]"
m12c_res7100,0.9747481573943444,0.7596070678447676,0.5214688717685214,0.7792854616676754,0.534978053369693,0.6864981828672087,0.465021946630307,0.5501751249259451,30,222003,198720,5.253321444919298,3.491080829774115,1092824849.3576348,"[10.511848992771107, 13.59043307555779]",172,2.0,[-0.03592829  0.1320615  -0.05761937],"[[ 0.88404116 -0.30020726  0.35825525]
 [-0.20432437  0.44114745  0.87386526]
 [ 0.42038408  0.84573313 -0.32865284]]"
m12c_res7100,0.9705763360370178,0.7916742046965838,0.4883178737563263,0.8156743321489649,0.5031215532723455,0.6168167042192293,0.4968784467276544,0.448104710631949,30,4128314,3692252,12.74345027439178,4.3997395960274055,20938016755.17718,"[6.496568364788561, 13.595012249653497]",332,0.70189703,[0.0082748  0.28337098 0.04605538],"[[ 0.44971619  0.55001916  0.70372883]
 [-0.88830711  0.19331059  0.41658313]
 [-0.09309047  0.8124715  -0.57552083]]"
m12c_res7100,0.3403521867944298,0.2303071643447497,0.1808526336524635,0.6766730853527718,0.5313690955119298,0.7852670765454041,0.4686309044880702,0.7554042905956875,30,7198,6412,1.3855640965367455,1.0011551665213974,35777196.21401027,"[12.757919211558697, 13.592778697191756]",59,5.49484539,[-0.02058808  0.0415237  -0.07538522],"[[ 0.96670113  0.17880801 -0.18307544]
 [ 0.18357498 -0.98296182  0.00928959]
 [-0.17829512 -0.04258832 -0.98305498]]"
m12c_res7100,0.5199804878285225,0.3693696210370908,0.2607794711424911,0.7103528491609484,0.5015178016227605,0.706012233519076,0.4984821983772395,0.6618732623632538,30,37419,33613,2.559201326406638,1.7106025158997638,185340170.31540245,"[12.25493025903366, 13.592778697191756]",88,4.0,[-0.05295326  0.01333325  0.17720682],"[[-0.22090125 -0.96828796 -0.11670929]
 [ 0.40222061 -0.19946209  0.89355104]
 [-0.88849379  0.15044366  0.4335268 ]]"
m12c_res7100,0.7135041712208101,0.6605641440988711,0.3258867028095129,0.9258027783756916,0.4567411319430953,0.4933460372029143,0.5432588680569046,0.1805553014422016,19,6465865,5759804,11.690113208548482,3.738783975632538,33493903918.716747,"[4.401456714718356, 13.609581710519718]",412,0.3986637,[-0.05039381 -0.21356022 -0.06119447],"[[ 0.36740273 -0.20072775 -0.90814294]
 [ 0.91298746  0.2640778   0.31099327]
 [ 0.17739541 -0.9433829   0.28028482]]"
m12c_res7100,0.1873409484521817,0.1490516226409428,0.1288259462983525,0.7956168892728109,0.6876550341114293,0.86430421900664,0.3123449658885707,0.6962103840811347,30,2978,2674,0.9785472047793532,0.6241514693337308,15241937.860776976,"[13.034148680177614, 13.592778697191756]",41,7.0,[-0.06112304 -0.01343767  0.04313682],"[[ 0.83631917  0.53913291  0.09952863]
 [-0.16056028  0.41443875 -0.89580183]
 [ 0.52420477 -0.7331959  -0.4331664 ]]"
