Simulation,a,b,c,b/a,c/a,c/b,ellipticity,triaxiality,Iterations,Initial Particles,Remaining Particles,Max Radius,r_50,mass,Age Range,Snapshot,Redshift,Center of Mass,Rotation Matrix
m12_elvis_RomeoJuliet_res3500,0.2466991350242178,0.1463306908899947,0.13989790444974,0.5931544546178884,0.5670790229402571,0.9560393899521008,0.4329209770597428,0.955405903191724,6,499598,447557,4.174659475991232,1.7328946466343549,1329408127.268797,"[1.22966934412716e-07, 0.499999519577111]",102,3.50704241,[7.52335451e-16 1.07116438e-16 7.68717966e-17],"[[-0.99964988 -0.00839842 -0.02509135]
 [ 0.00900811 -0.99966449 -0.02428518]
 [ 0.02487898  0.0245027  -0.99939014]]"
m12_elvis_RomeoJuliet_res3500,1.2142132670355088,1.0988003942059656,0.0713186045756722,0.9049484337201136,0.0587364728354484,0.0649058782211393,0.9412635271645516,0.1816951758020764,6,662117,586851,20.390183706084784,7.476903128983449,2493403503.52637,"[7.00817893495298e-07, 0.49999216461137497]",382,0.49880669,[-1.07568402e-15 -6.45410413e-17 -4.99520768e-16],"[[ 9.97901286e-01 -6.47518425e-02 -4.72117341e-04]
 [-6.47531882e-02 -9.97893804e-01 -3.87037027e-03]
 [ 2.20509363e-04 -3.89281857e-03  9.99992399e-01]]"
m12_elvis_RomeoJuliet_res3500,0.90534934220786,0.8367577108786725,0.1388442012521923,0.9242373875680804,0.1533598079539057,0.1659311882604501,0.8466401920460942,0.1492965924205445,6,1393157,1246360,12.82014134420442,5.216563286911089,4329387186.108888,"[9.674181162822038e-07, 0.4999995505779946]",277,1.0,[ 1.67735729e-15 -2.83431564e-15 -1.20806896e-15],"[[-9.97972234e-01  6.36191685e-02 -2.00533634e-03]
 [-6.36204552e-02 -9.97973996e-01  5.84476255e-04]
 [ 1.96408963e-03 -7.10871485e-04 -9.99997819e-01]]"
m12_elvis_RomeoJuliet_res3500,1.014825926170117,0.9762803399790012,0.0580814821063426,0.9620175389718472,0.0572329506061578,0.0594926269923574,0.942767049393842,0.0747671628242527,8,541331,472297,26.106536471569942,10.246765159482292,2035570643.568551,"[2.3622625026309407e-05, 0.49998569677571014]",486,0.20076481,[ 1.44942046e-16 -1.09365362e-15  1.13153620e-15],"[[-0.97274423 -0.23187189  0.00202006]
 [ 0.23187596 -0.97274312  0.0020884 ]
 [-0.00148076 -0.00249988 -0.99999578]]"
m12_elvis_RomeoJuliet_res3500,1.3984313176370282,1.239129234721679,0.0595955665662294,0.8860851577719762,0.0426160125381987,0.0480947143335014,0.9573839874618012,0.2152440030890071,4,698136,613257,31.720299947097928,13.71178596967085,2465855874.9544816,"[3.982150949159019e-06, 0.4999868196670294]",590,0.0015949,[-2.33847602e-16 -1.91972566e-15 -6.91685858e-16],"[[-0.99999513  0.00295257  0.00101438]
 [ 0.00295439  0.99999401  0.00180249]
 [-0.00100905  0.00180548 -0.99999786]]"
m12_elvis_RomeoJuliet_res3500,0.1390758608045063,0.1110556265114992,0.0953569905871154,0.7985255375669106,0.6856473153249448,0.8586416877963564,0.3143526846750551,0.683837208366028,6,629524,565786,4.7504135426898895,1.5599730949385404,1643991895.8478982,"[8.175803658971859e-06, 0.499998346624853]",120,3.0,[-5.09603428e-16 -5.68844827e-16 -3.24107780e-16],"[[ 0.99976147  0.02101563  0.00594468]
 [ 0.02110838 -0.99964921 -0.0159968 ]
 [-0.00560641 -0.01611847  0.99985437]]"
m12_elvis_RomeoJuliet_res3500,1.3294751472333588,1.1912900332437777,0.0727369472139756,0.8960604007700746,0.0547110243958613,0.0610572951877381,0.9452889756041386,0.1976674353529903,5,636133,556160,28.2445427259502,12.641772990986045,2290724442.0164747,"[1.2411751756147282e-05, 0.49998643980051183]",534,0.0998249,[-1.63910803e-16 -9.60048987e-16 -1.31128642e-15],"[[ 9.98176184e-01  5.97205766e-02  8.81807318e-03]
 [-5.97233677e-02  9.98214965e-01  5.32934125e-05]
 [-8.79914990e-03 -5.79841242e-04  9.99961119e-01]]"
m12_elvis_RomeoJuliet_res3500,0.7253346744859044,0.7092250658876724,0.0989308415173987,0.9777901027416758,0.1363933712220748,0.1394914622674482,0.8636066287779252,0.0447591767358027,7,1266939,1133017,12.934510225109442,6.079709918420279,4008651463.4946513,"[1.9254655825307054e-07, 0.49999939353664935]",294,0.89728099,[ 2.67631801e-16 -1.08558149e-15 -4.19638300e-16],"[[ 0.974806   -0.22220665  0.01942858]
 [-0.22238333 -0.97493095  0.00743574]
 [-0.01728925  0.01156899  0.9997836 ]]"
m12_elvis_RomeoJuliet_res3500,0.6924877809531489,0.3629448291647392,0.2562123811659332,0.5241173045178897,0.3699883062388181,0.7059265226496434,0.6300116937611819,0.8403357426399631,7,54612,48998,2.463135050680908,2.056118077704281,136779581.11724773,"[3.199268030940061e-05, 0.4997621176058864]",67,5.0,[-2.90379041e-16 -2.04411561e-16  7.94721585e-17],"[[-9.98552190e-01  5.37443653e-02 -2.25084479e-03]
 [-5.37909063e-02 -9.97474095e-01  4.63893216e-02]
 [-2.48005273e-04 -4.64432336e-02 -9.98920900e-01]]"
m12_elvis_RomeoJuliet_res3500,0.1294958916052684,0.1048055073324585,0.0543480743770892,0.8093346131159783,0.4196895646910094,0.5185612451136666,0.5803104353089906,0.4187327989694319,6,1273,1142,0.438018708588528,0.3508754528585318,3256321.1183187105,"[3.2174266429763065e-05, 0.31070422139028864]",20,10.0,[-4.06196307e-18 -2.86368397e-17 -1.57349806e-17],"[[-9.99993925e-01  3.33188205e-03  1.02386612e-03]
 [ 3.33268149e-03  9.99994142e-01  7.80097110e-04]
 [-1.02126094e-03  7.83504591e-04 -9.99999172e-01]]"
m12_elvis_RomeoJuliet_res3500,0.9033184964347822,0.875359091554706,0.3325243692751737,0.9690481209114764,0.368114204001779,0.3798719548163765,0.6318857959982209,0.0704989104521586,6,1760638,1582941,8.781972413658778,3.983078085939974,5024593212.821772,"[3.112613461198066e-06, 0.4999932343206588]",214,1.5,[ 1.27010091e-15  1.45688045e-15 -3.36203181e-16],"[[-9.88995373e-01 -1.47398507e-01  1.27213004e-02]
 [ 1.47410832e-01 -9.89075349e-01  3.15517775e-05]
 [ 1.25776739e-02  1.90646204e-03  9.99919080e-01]]"
m12_elvis_RomeoJuliet_res3500,1.3556375308429454,1.2191543293881015,0.0658294448203834,0.899321759430799,0.048559768612669,0.0539959898706371,0.9514402313873308,0.1916723462064161,6,533444,467374,22.686493013117424,9.562625251172026,2073695723.9932964,"[4.045898115645485e-06, 0.4999941044209959]",446,0.30020699,[-1.29342316e-16 -3.05894577e-15  7.99295093e-16],"[[ 9.99876489e-01 -1.57162198e-02 -8.59185088e-05]
 [-1.57162387e-02 -9.99876467e-01 -2.22938585e-04]
 [ 8.24041432e-05 -2.24261365e-04  9.99999971e-01]]"
m12_elvis_RomeoJuliet_res3500,0.1450122295085262,0.1069475603428093,0.0949074572263442,0.7375071792584303,0.6544789880688231,0.8874204976918425,0.3455210119311769,0.7978262450274611,18,5318,4746,0.6296141917377206,0.3449134663436008,14378745.062473666,"[0.00012499866719473118, 0.40901937848231285]",29,8.54545403,[ 7.43598749e-18 -9.08212212e-19 -1.54396076e-17],"[[-0.99902412  0.02274596  0.03786054]
 [-0.02432817 -0.99882691 -0.04186809]
 [-0.0368638   0.04274831 -0.99840555]]"
m12_elvis_RomeoJuliet_res3500,1.4678232860519125,1.3537562437460473,0.0638374405239294,0.9222883003766223,0.0434912302663058,0.0471557865892323,0.956508769733694,0.1496673849177719,4,696267,611558,32.380038369049394,13.30722255719732,2463195373.7608027,"[3.1819340775850465e-05, 0.4999919351391168]",600,0.0,[ 4.35526923e-15 -1.43723885e-15  5.98849519e-16],"[[-0.99413149 -0.10817047 -0.001313  ]
 [ 0.10816547 -0.99412703  0.00341696]
 [ 0.00167491 -0.00325488 -0.9999933 ]]"
m12_elvis_RomeoJuliet_res3500,0.8091116856330193,0.7945107213808998,0.2653474304342476,0.9819543278000044,0.3279490769270616,0.333975896477596,0.6720509230729383,0.0400758832903141,6,900925,808467,7.141093993781631,3.642583148558554,2440045755.700611,"[2.0034982810557267e-06, 0.49999768484047635]",172,2.0,[-9.75187040e-17 -4.08617105e-16 -1.62073339e-16],"[[-0.97814618  0.20775361 -0.00827551]
 [ 0.2077844   0.97816991 -0.00304385]
 [-0.00746249  0.00469685  0.99996112]]"
m12_elvis_RomeoJuliet_res3500,0.4487021439199536,0.2121878154524393,0.1585537643880023,0.4728923592803084,0.3533608353257336,0.7472331248140929,0.6466391646742664,0.8871452094594588,6,43252,38624,1.602889159120747,1.4124022176457487,109668223.15945236,"[0.022745596370116417, 0.4993515691547419]",59,5.49484539,[2.58424132e-16 2.83126439e-16 3.80035488e-18],"[[-0.99720892  0.06006515  0.04434572]
 [ 0.06463078  0.99183377  0.10994835]
 [-0.03737952  0.11250757 -0.99294754]]"
m12_elvis_RomeoJuliet_res3500,0.4898048115090027,0.2857358232397815,0.2474943171333643,0.5833667136904588,0.5052917229842593,0.8661648173028484,0.4947082770157407,0.885861086676805,7,318987,284842,3.530053573320889,1.9752445388743831,838540585.1469458,"[1.6803103708440403e-06, 0.4999556058545327]",88,4.0,[-4.76284268e-16 -1.94300067e-16  8.56913117e-17],"[[-9.99019088e-01 -4.42620789e-02  1.31512346e-03]
 [ 4.42797103e-02 -9.98810771e-01  2.04046668e-02]
 [ 4.10406506e-04  2.04428849e-02  9.99790938e-01]]"
m12_elvis_RomeoJuliet_res3500,2.311388744866583,1.474082862633573,0.1876272669236598,0.6377477029372051,0.081175123544391,0.1272840704412287,0.918824876455609,0.5972131440976016,7,944743,843862,18.2003742226374,8.405351971800412,3183561674.1804585,"[4.035554441728095e-06, 0.49999645537346193]",332,0.70189703,[-7.88571111e-15 -1.49120819e-15  4.25457704e-16],"[[-0.99982973  0.01824314  0.00277422]
 [-0.0182388  -0.99983241  0.00158267]
 [ 0.00280263  0.0015318   0.9999949 ]]"
m12_elvis_RomeoJuliet_res3500,1.5910701222814143,1.3312609633349577,0.0816304690582337,0.8367079141842474,0.0513053874339522,0.0613181572257179,0.9486946125660478,0.300711411783902,6,585045,515206,21.58624217005601,7.956712131204543,2258827718.6469326,"[1.8546441379108103e-05, 0.49999145954885726]",412,0.3986637,[-2.69176133e-15 -2.20558418e-15 -9.18993407e-17],"[[-0.99963171  0.02425948  0.012162  ]
 [ 0.02423855  0.99970446 -0.00186549]
 [ 0.01220366  0.00157002  0.9999243 ]]"
m12_elvis_RomeoJuliet_res3500,0.1027250828870104,0.0953541717093137,0.0615728822905353,0.9282462377197194,0.5993948173131265,0.6457282485578052,0.4006051826868735,0.2159409075130632,6,6124,5505,0.8083356936294468,0.4057402514414518,15401066.21642762,"[4.399141547573038e-05, 0.4998978999222814]",41,7.0,[1.35949093e-17 3.39872733e-18 1.57191139e-17],"[[-0.99973197 -0.02242917  0.00573836]
 [-0.02228773  0.99947237  0.02362707]
 [-0.00626527  0.02349284 -0.99970437]]"
