Simulation,a,b,c,b/a,c/a,c/b,ellipticity,triaxiality,Iterations,Initial Particles,Remaining Particles,Max Radius,r_50,mass,Center of Mass,Rotation Matrix
object_267,30.282258980190043,4.020380215664362,3.573190151668429,0.13276355037761225,0.11799615590124658,0.8887692108687696,0.8820038440987534,0.9962446463613669,29,23881,21423,44.20232073713968,36.056394649570606,996661940.0164661,[19.56326597 -7.56949932  3.96994754],"[[-0.80950985  0.57103468 -0.13643016]
 [ 0.45144375  0.75398367  0.47718673]
 [ 0.37535628  0.32469682 -0.86814724]]"
object_301,4.121407576933592,2.2966406836514697,1.7147502083961284,0.5572466786602589,0.41605936233851837,0.7466340819452073,0.5839406376614816,0.8338138056249095,7,23304,20863,19.823978586528376,6.409382998687734,991133120.1736557,[ 0.18740443 -3.30752424  2.20183115],"[[-0.46486107  0.8105706  -0.35620146]
 [-0.61533408 -0.006505    0.7882396 ]
 [ 0.63660676  0.5856048   0.50179563]]"
object_341,5.735742989648273,3.2699113491047402,2.2558344521387363,0.5700937707645192,0.3932942002823367,0.6898763334230315,0.6067057997176633,0.7985063105405955,6,21495,19258,23.00696399552974,9.948118656134689,908950018.8659296,[-1.44193573 -2.8227535  -0.49361754],"[[-0.06176905  0.99596256 -0.06513964]
 [ 0.86219248  0.08612265  0.49920638]
 [-0.50280086  0.0253274   0.86403114]]"
object_354,4.970523308227649,4.045762724269272,2.0984077086947632,0.8139510617669509,0.4221703789661933,0.5186680118700655,0.5778296210338068,0.41067789943171235,30,31522,28286,16.05235804151258,9.219027396252372,1323702536.6445844,[4.58006966 6.41234576 2.6417763 ],"[[ 0.87598318  0.47796295 -0.06484508]
 [ 0.30646493 -0.65533422 -0.69037404]
 [-0.37246841  0.5848833  -0.72054063]]"
object_364,3.20193647667739,2.814581077461021,1.9549211764259353,0.8790246458548351,0.6105433979297844,0.69456914639298,0.3894566020702156,0.3624080837571355,30,18390,16473,16.340684028428498,4.870352173369415,777341914.773861,[-1.33270898 -0.91619415 -0.24429197],"[[ 0.43075517  0.88475622 -0.17792253]
 [ 0.90246709 -0.42191316  0.0868472 ]
 [ 0.00177075 -0.19797911 -0.98020464]]"
object_368,3.723426093432652,3.0321082906141186,1.618017082925179,0.8143328790551599,0.4345506107342976,0.5336277361642213,0.5654493892657024,0.41528128517531415,8,14387,12874,17.624702013445024,5.779899554176776,609720749.6378254,[-2.06211724  1.68428611 -2.60109976],"[[-0.21471507  0.39042876 -0.89524456]
 [-0.79974196 -0.5964451  -0.06830834]
 [ 0.56063377 -0.70129781 -0.44030802]]"
object_369,17.694513215826586,2.7580059604916283,2.516999306478219,0.1558678629274058,0.14224744562212244,0.9126156152431053,0.8577525543778776,0.9958556876854882,7,21155,18951,73.1226908179069,4.7249984374473035,897085436.6722977,[ 7.47882104 -5.81839121  3.9116734 ],"[[ 0.42210219  0.58751595  0.69040187]
 [-0.90644025  0.26176783  0.33142674]
 [ 0.0139935  -0.76570399  0.64304088]]"
object_371,4.2697894880420435,2.4322165510700504,1.710155733589962,0.5696338327408663,0.4005246015943919,0.7031264271421808,0.599475398405608,0.8045895109258238,7,27129,24285,17.95526649394298,7.736848844149908,1157134407.2619777,[-0.06348322  0.60898188 -0.53353638],"[[ 0.10102437  0.93581537 -0.33770352]
 [ 0.59412859  0.21551824  0.77496007]
 [ 0.79800081 -0.27892917 -0.53422207]]"
object_376,12.738844885998208,2.6209670737267396,1.897315124424409,0.20574605446429078,0.14893933801720333,0.7238988781826344,0.8510606619827967,0.9793943948589223,7,29245,26179,58.878920668834155,8.762461403683611,1245621329.91705,[-4.57754309 -0.98083936  3.61617211],"[[-0.85158076 -0.11759928  0.51086263]
 [-0.40956198 -0.45902899 -0.78838529]
 [-0.3272143   0.88060365 -0.34273606]]"
object_385,5.663320193942425,3.016971670142294,2.4969680117415773,0.532721366058252,0.440901790157013,0.8276405232614628,0.5590982098429871,0.889030483375207,25,18790,16818,24.502635713129624,9.690177999380918,793162133.5920706,[-2.56670442 -0.37811688  0.19862052],"[[-0.2711384   0.95697737  0.10333579]
 [-0.95980413 -0.26071584 -0.10393883]
 [-0.07252584 -0.12736392  0.98920091]]"
object_389,3.924618440873856,2.8517085991245223,1.9425238090350518,0.7266205981770704,0.4949586407698093,0.6811789288819372,0.5050413592301908,0.625182170126788,6,25468,22821,15.492111416004,6.7364348929169084,1077941022.773396,[-4.06435629 -4.16639261  0.70485756],"[[-0.40469343 -0.84606512  0.34698277]
 [-0.85079306  0.2092652  -0.48203656]
 [-0.3352229   0.49028756  0.80451459]]"
object_393,4.340972548611537,2.79722060228382,1.9202821170884516,0.6443764780725261,0.4423621885613294,0.6864964870917286,0.5576378114386706,0.7270515281173113,5,20765,18615,15.424809202056046,7.958572417743203,875694696.2190958,[ 2.2109805  -0.82001206 -0.71374005],"[[ 0.96374209 -0.12091364  0.23786779]
 [-0.22538399  0.10832858  0.96822878]
 [ 0.14283994  0.98673442 -0.07714881]]"
object_395,4.402862204632276,3.98247896875369,1.4756654840641106,0.9045204650201638,0.3351604968494255,0.3705394292454776,0.6648395031505745,0.20485456589780493,7,24593,22059,14.67342387579678,8.286022734521119,1034828720.167659,[ 4.7073846  -1.3989753  -1.69857558],"[[-0.75721373 -0.64746043 -0.08615312]
 [-0.55087207  0.70391504 -0.44837883]
 [ 0.35095202 -0.29205926 -0.889682  ]]"
object_398,10.077269173224591,4.917320792294287,2.281975071581871,0.48796163998076575,0.22644776400784278,0.4640687821624027,0.7735522359921572,0.8030739369169104,21,22298,20006,30.407714519275835,17.581315052678722,944500906.5898178,[13.90356307 -2.62862495  2.59313965],"[[ 0.96087279 -0.16544531 -0.22215158]
 [-0.2487131  -0.16230959 -0.95488083]
 [ 0.12192323  0.97277101 -0.19710728]]"
object_402,3.573454378352286,3.5185330797673244,1.806970155223455,0.9846307542310683,0.5056648172619588,0.513557813514417,0.4943351827380412,0.04098099030663186,9,15363,13791,11.882625187417835,6.268701290430878,645332014.487707,[ 0.90113033 -0.4715228   0.14389548],"[[ 0.4533576   0.88512772  0.1049562 ]
 [-0.65576266  0.41097382 -0.63330549]
 [ 0.6036905  -0.2182875  -0.76675182]]"
object_405,3.809312415385342,3.3491099063403182,1.279048780077874,0.879190137520272,0.33576893691154186,0.38190707855136724,0.6642310630884581,0.25587189934172677,7,23556,21136,13.623621970296563,6.7601309809141865,991966940.9554951,[-2.40862709 -1.67297464  2.20436636],"[[-0.64021295 -0.45198183 -0.62116005]
 [-0.76280326  0.27837945  0.58364036]
 [ 0.09087665 -0.84747702  0.52299534]]"
object_408,3.6407748441916454,2.843501845697559,1.4389763897375212,0.7810155715160398,0.395239049740527,0.5060578356630242,0.6047609502594731,0.46221984460999604,6,24170,21680,13.045713609093216,6.476810799568342,1017602096.0810506,[-0.45274067 -1.16977895 -2.22742978],"[[-0.34147059  0.90037154 -0.26968303]
 [ 0.55397955  0.42459451  0.71611882]
 [ 0.75927894  0.09513463 -0.64377395]]"
object_411,4.298913792790431,3.3485929844566362,2.4337192729480086,0.7789393195258888,0.5661242328305164,0.7267886196515219,0.4338757671694836,0.5787367122754338,16,21091,18905,15.05715914413103,7.560488283078844,877233379.372338,[-0.60172298 -3.53150872  1.85894013],"[[-0.22990479  0.97244744  0.03859733]
 [ 0.86277063  0.18530398  0.47041395]
 [ 0.4503006   0.14145106 -0.88160136]]"
object_412,4.883716446273435,3.5119705225439377,1.9969648511774134,0.719118433918042,0.40890270210122787,0.5686166322748313,0.5910972978987721,0.5798144827228212,30,12082,10851,18.5020823922151,8.351380395757527,500040580.044817,[ 3.75400902 -5.72343029  3.69765885],"[[-0.45315631 -0.76836505 -0.45195632]
 [ 0.78274987 -0.10037073 -0.61418918]
 [ 0.42655831 -0.63209246  0.64692127]]"
object_417,3.668312518476996,3.3959399033575592,2.17119987508139,0.9257498880622854,0.5918797441998822,0.6393516778476348,0.4081202558001178,0.22008912672206404,7,28309,25362,12.827146381063217,6.303016117685478,1199575187.294314,[ 0.74363087 -0.25309471  0.9636519 ],"[[ 0.17589303 -0.93891336  0.29580963]
 [-0.09817609 -0.31572767 -0.94375711]
 [ 0.97950145  0.13695887 -0.14771314]]"
object_418,3.2394058456669255,2.146505422622858,1.8207688758861578,0.6626231861296582,0.5620687751495058,0.8482479739843023,0.4379312248504942,0.8199795137045348,11,18721,16731,13.1894810579223,4.892400922687437,792847178.6111809,[-0.75987052  2.25961185  1.2242325 ],"[[ 0.33276136  0.92967105  0.15805577]
 [-0.10760574  0.20394659 -0.97305025]
 [-0.93685158  0.30678581  0.16790349]]"
object_419,9.590564873071287,3.312058806169311,2.166759658301122,0.3453455401223573,0.2259261771311326,0.6542032569787525,0.7740738228688674,0.9281096208679706,23,18257,16371,24.59189551203354,15.272030750561878,758735373.0758514,[-11.26304028   3.80060469  -3.60303177],"[[ 0.89764942 -0.44070379 -0.00238662]
 [-0.31453198 -0.63684376 -0.70391737]
 [ 0.30869914  0.63262168 -0.71027787]]"
object_423,2.9533509663450968,2.25767636996661,1.2395468235703397,0.7644456739798131,0.4197086081862916,0.5490365404270374,0.5802913918137085,0.5044917075964571,23,26351,23547,10.930750086217445,5.183189198580322,1140681286.5545664,[ 0.8000313  -0.40754973  3.66823521],"[[ 0.32315179  0.24745086 -0.91342268]
 [-0.93112428 -0.08928865 -0.35360304]
 [ 0.16905765 -0.96477749 -0.20155372]]"
object_424,3.1639608814807465,2.3774124512438535,1.948293336446409,0.7514038701171346,0.6157766829072172,0.8195016121107085,0.3842233170927828,0.7013190158810522,7,26212,23467,11.866435633309395,5.501279170290262,1121457159.2562213,[1.01960394 1.98702717 0.35436729],"[[-0.32078834  0.90676723 -0.27362023]
 [-0.81416951 -0.1163791   0.56884437]
 [-0.48396576 -0.40525189 -0.77559529]]"
object_427,3.453651807348398,2.117828775761169,1.7358872781057901,0.6132143290342779,0.5026237081608259,0.8196542128302581,0.4973762918391741,0.8348859078153464,6,29277,26165,12.977529299085457,5.959774490663542,1267961282.5203688,[ 2.21237875 -2.09973773 -1.57146495],"[[-0.74416197  0.17752786 -0.64397735]
 [ 0.31944987 -0.75208147 -0.57647657]
 [ 0.58666408  0.63471042 -0.50295918]]"
object_431,3.8411981779965862,2.0649399533173125,1.5395402175635713,0.5375770417537534,0.4007968728045511,0.7455617365968972,0.5992031271954489,0.847085092073853,22,25415,22731,14.022837013033945,6.697485739051812,1089478509.0374448,[-1.87464965 -0.03111036  1.25503402],"[[-0.07564366  0.42923657 -0.90001889]
 [-0.95146308 -0.30111151 -0.06363858]
 [-0.29832206  0.85152089  0.43117992]]"
object_437,3.8203527935433472,3.549852259839981,1.85556941769803,0.9291948811218351,0.48570629938524706,0.5227173645197489,0.514293700614753,0.17877080162719877,6,18735,16793,13.241465523797665,6.473644530550717,785087968.7677269,[ 2.57376113 -3.35664993  1.47394875],"[[-0.86649751  0.20309549 -0.45599813]
 [-0.438624   -0.74587291  0.50128095]
 [-0.23830875  0.63437042  0.73537957]]"
object_439,3.705567410410741,3.027130445413235,1.8012071675677879,0.816914148399663,0.4860813387194957,0.5950213246664051,0.5139186612805042,0.43556424589750226,30,23447,21006,14.204213544049898,7.17937455870044,990275144.1711721,[ 1.61628433  2.92377942 -3.13132991],"[[ 0.03134551 -0.99645511  0.0780684 ]
 [-0.23506676  0.0685666   0.96955775]
 [-0.97147366 -0.04874257 -0.23208422]]"
object_440,4.145696117672887,3.0166989035744987,1.942411022496161,0.7276700505650833,0.4685367589331413,0.6438862758873914,0.5314632410668587,0.602834580219313,7,27762,24859,13.65472095198607,7.319663472139427,1186324735.2666998,[-1.29652246  1.63564473 -3.31839008],"[[-0.36976514 -0.73689901 -0.56590952]
 [-0.39110025 -0.42904415  0.8142246 ]
 [ 0.84280148 -0.52239923  0.12955582]]"
object_444,4.119428391405917,3.469365104112668,2.0145557166365906,0.8421957549621614,0.4890376831988198,0.5806698505869239,0.5109623168011802,0.38208492058304705,7,28387,25439,14.896984278219673,7.414623524179781,1214450537.1151247,[-0.93425893  1.54008268 -0.84190175],"[[-0.93037863  0.3472255   0.11760127]
 [ 0.36209759  0.92050778  0.14680179]
 [ 0.05727956 -0.17916439  0.98215028]]"
object_446,3.4620128161408443,2.7243054710930226,1.4120074367076916,0.786913745203822,0.40785736844315806,0.5182999673458711,0.5921426315568419,0.45674524859385396,13,6996,6286,13.71544251470074,5.856088694427557,289126187.53503203,[-5.66311716  4.44973035  1.10472129],"[[-0.8071056  -0.57288223  0.14278132]
 [ 0.23957556 -0.0967558   0.96604444]
 [-0.53961477  0.81390679  0.21534073]]"
object_452,3.877426288091648,3.692754365228482,1.6550283668159838,0.9523725509804453,0.4268368355315759,0.4481826309380267,0.5731631644684241,0.11370182344085637,7,24117,21621,13.815301034671565,6.76378453011998,1013258512.9876906,[-1.13344826 -2.49851453 -4.2865067 ],"[[ 0.76929348 -0.15315112  0.62026791]
 [-0.60957758 -0.46666773  0.64080918]
 [ 0.19131837 -0.87107173 -0.45236193]]"
object_456,3.1569546814750313,2.0333005911595765,1.4172523953948513,0.6440702500707273,0.44893023131160853,0.6970205987038063,0.5510697686883914,0.7328761686534075,6,23105,20666,11.287322767029222,5.639161256439218,990863413.4906607,[-1.89395688  0.32599136 -0.31131269],"[[-0.38017185 -0.70989499 -0.59288993]
 [ 0.9233604  -0.328461   -0.19879373]
 [ 0.05361855  0.62302686 -0.78036055]]"
object_458,4.2432327958894325,3.9029368060594005,1.7875786041754824,0.9198026584448328,0.4212775235681559,0.45800859532243127,0.5787224764318442,0.1871833963354625,7,20022,17966,14.195605715352103,7.609871219505457,832298514.2062209,[-1.46769217 -3.47445609  8.42663195],"[[-0.2259846  -0.27385471 -0.93484467]
 [ 0.09953777  0.9481558  -0.30181585]
 [-0.96903209  0.16125808  0.18700973]]"
object_459,2.706428967370516,1.866240221667968,1.549955638878845,0.6895581757984028,0.5726940028966415,0.8305231132000568,0.4273059971033585,0.7804950593015157,30,24496,21875,11.263591021828333,5.470497202823633,1044000723.737991,[ 0.10362415 -0.4773617  -2.76188014],"[[-0.98753397 -0.09773725 -0.12338591]
 [ 0.06508782 -0.9672695   0.24526166]
 [ 0.14331863 -0.23417331 -0.961573  ]]"
object_460,3.393487972652333,3.239094752570223,1.5206496742707034,0.9545030890557609,0.4481081667374148,0.4694674871934719,0.5518918332625852,0.11126621166177138,7,29363,26327,11.770085365213122,6.2860878178203015,1239326342.120909,[-1.55404817 -0.23396813 -0.5407406 ],"[[-0.00125853 -0.75438412  0.65643204]
 [ 0.71991331  0.45492232  0.52418557]
 [-0.69406285  0.47323386  0.54251863]]"
object_464,4.363952696641522,2.84870166944038,1.9189443960684813,0.6527801439352742,0.43972621370192494,0.6736206941759025,0.5602737862980751,0.7114418749256024,7,17484,15659,14.607130718791623,7.462437866308459,738564943.4800982,[-0.62009418 -0.74204237  0.99764878],"[[ 0.84581836  0.02013558  0.53309086]
 [ 0.31719494 -0.82244049 -0.47220653]
 [-0.42892736 -0.56849467  0.70202217]]"
object_466,4.052623388542561,2.543346921044077,1.57559503137459,0.6275803787330796,0.38878397529586844,0.6194967026864694,0.6112160247041316,0.7140778650954775,6,21083,18897,14.545187498377134,7.292238750765694,888951220.0871782,[ 0.7667042  -3.00448768  1.34820198],"[[ 0.44400455 -0.86330851 -0.23991329]
 [ 0.34341697 -0.08334768  0.93547739]
 [-0.82760181 -0.49774651  0.25946804]]"
object_467,3.20657858502702,2.65635153716535,1.5928293547186976,0.8284068101649117,0.4967379755345293,0.5996304828006462,0.5032620244654706,0.4165171995399056,6,5228,4699,11.041346689803364,5.175583678293229,215985990.0120636,[2.36711597 4.52182745 2.17720797],"[[ 0.37097371  0.78018293  0.50367956]
 [-0.62781604 -0.18894917  0.75507962]
 [ 0.68427007 -0.59633279  0.41971618]]"
object_472,4.400456221672809,3.3385925838946244,1.751046468438529,0.7586923754522609,0.3979238470353145,0.5244864188836876,0.6020761529646854,0.5042268704359256,8,7300,6552,14.42902051399324,7.917503247460872,302187342.0225257,[ 8.21546837 -1.8337736   2.76272848],"[[-0.81295524  0.43407855 -0.38817468]
 [-0.50602856 -0.85646006  0.10203557]
 [-0.28816466  0.27937783  0.91591984]]"
object_473,2.416207214753507,2.2008444883809735,1.2451445243791943,0.910867443380884,0.5153301905466827,0.5657576130220682,0.4846698094533173,0.2319069055759612,7,22899,20458,11.729325651377787,4.078671403646257,984907174.880765,[-0.31245586 -0.45805356 -1.5774082 ],"[[-0.14186603 -0.45500994  0.87911318]
 [-0.9875483   0.12605294 -0.09412237]
 [ 0.06798819  0.88151949  0.46722692]]"
object_474,3.5400632013029973,1.9909965280061708,1.5581403705364807,0.5624183566195489,0.4401447889300319,0.782593213307528,0.5598552110699682,0.8479583976987177,30,4743,4258,18.398310643358798,5.611856442092826,193259300.29670554,[-0.38831219  2.08036128 -1.61548532],"[[ 0.52190231 -0.22898846  0.82169475]
 [ 0.43884796 -0.7539512  -0.48884563]
 [ 0.73145775  0.61572873 -0.29299775]]"
object_475,3.525561550519763,2.9453598571471233,1.7094083324603708,0.8354299917733383,0.48486129314870646,0.5803733381890064,0.5151387068512936,0.3948920995464356,6,26904,24107,12.959508804376865,6.353982557060364,1136290497.336333,[-0.65127483 -2.09130519 -0.51921775],"[[ 0.731281   -0.60513165  0.31471224]
 [ 0.39203284  0.75047372  0.53207091]
 [-0.55815621 -0.26571581  0.78603865]]"
object_481,4.1314517522112295,3.6034906025127986,1.5204273200072205,0.8722092907376067,0.36801284662067263,0.4219318121565215,0.6319871533793273,0.27672936757909206,7,8963,8055,15.3000902283453,7.213430542960179,372867832.9858535,[-0.19752594 -2.21228019  3.42586454],"[[ 0.95716839 -0.10820813 -0.26855105]
 [ 0.28490004  0.51724906  0.80702254]
 [ 0.05158138 -0.84896667  0.52592296]]"
object_483,3.3265209220113774,2.1967919109316845,1.466642638526398,0.6603872220961101,0.4408938566481626,0.6676292967158542,0.5591061433518374,0.699950214127241,6,23452,21005,11.093369975085343,6.023946846961128,997490574.6746365,[2.53717161 2.36510427 4.17025483],"[[ 0.31581055 -0.37999326 -0.86940716]
 [-0.82318113 -0.56540201 -0.05189782]
 [-0.47184374  0.73206945 -0.49136321]]"
object_485,3.4392859390332755,3.1156528028275217,1.5085593936541006,0.9059010672730743,0.4386257555770809,0.4841872599812953,0.561374244422919,0.2220673633965032,7,25503,22846,12.429928037430829,6.0291233881105235,1080787103.5232582,[-3.84593617 -4.19219304 -1.17377275],"[[ 0.35239379 -0.36152494 -0.86320237]
 [-0.74475858  0.45020568 -0.49259466]
 [ 0.56670386  0.81646467 -0.11059911]]"
object_487,3.534220729325659,2.0950197957652756,1.1445817050609142,0.5927812539781613,0.3238568818194058,0.546334553675574,0.6761431181805941,0.724609841787911,17,11164,10006,14.224868723937293,6.752712994105616,472164847.1816273,[-0.02941235  0.63287274  0.06238028],"[[-0.29167341 -0.8071101   0.51332243]
 [-0.71847768 -0.16940554 -0.67460477]
 [-0.63143998  0.56557498  0.53047949]]"
object_491,3.072652545858756,2.596752867542474,1.6474639562114697,0.8451176398198071,0.5361699481550168,0.6344323238470527,0.46383005184498316,0.4010771041693748,5,20788,18613,11.327839957451879,5.400496038767948,885126020.9263763,[-0.80489363  1.15128944  0.53990085],"[[ 0.41853491  0.60978988 -0.67304147]
 [-0.35506141  0.79195379  0.49672989]
 [ 0.83591861  0.03107225  0.54797317]]"
object_493,2.7488372473075686,2.2418414727500284,1.5919817873839184,0.8155599153590732,0.5791473427330893,0.7101223733857781,0.4208526572669107,0.5038638154521005,6,24689,22049,10.167900795468112,5.030021613528332,1068028549.3722857,[-1.93459993  0.85965084 -2.36734462],"[[-0.64958966 -0.33241003  0.68376666]
 [ 0.75958099 -0.24505495  0.60248219]
 [-0.03271072  0.91074236  0.4116775 ]]"
object_494,3.66409297939088,2.6210600991601622,1.6028059193548239,0.7153366778361306,0.43743592981127755,0.6115105563082638,0.5625640701887225,0.6038379443465218,10,17331,15551,13.463920187171803,6.041240295738528,727218648.3620007,[ 0.84334883 -2.63669868  0.11655981],"[[ 0.34434284 -0.37855446 -0.85914174]
 [-0.05921092 -0.9220408   0.38253735]
 [ 0.93697496  0.08085342  0.3399127 ]]"
object_496,4.765799166646199,4.144974872161748,1.8207137591973852,0.8697334334125246,0.38203744965582814,0.4392580933181436,0.6179625503441719,0.28518763536386316,7,16528,14839,16.5346049879936,8.87451460824252,688184404.8050785,[-3.37123376 -6.28656993  2.11455951],"[[-0.99168327 -0.1283463  -0.00956681]
 [-0.11308785  0.90444668 -0.41132388]
 [-0.06144456  0.40682112  0.91143905]]"
object_498,3.5373371842285093,2.108922951893221,1.5411041087878752,0.5961894052102289,0.43566785650488926,0.7307541071637521,0.5643321434951107,0.7955607865921166,7,25991,23217,12.178534230200626,6.257118775596741,1122215428.1393147,[-1.99369889  1.21133898 -1.61019506],"[[-0.59681813  0.26938723 -0.75580331]
 [ 0.33515706  0.93954183  0.07022033]
 [ 0.72902528 -0.21140405 -0.65102263]]"
object_503,2.393564695419076,1.6955691509380681,1.3227193122840524,0.7083865976896857,0.5526148153904253,0.7801034310822783,0.44738518460957466,0.7172132620649327,7,23690,21170,11.904300003280206,3.967259784701025,1015055871.2533492,[ 0.32658973  0.17096731 -1.01316848],"[[ 0.79016014 -0.37174932  0.48728779]
 [-0.43393396 -0.90079481  0.01643272]
 [-0.43283746  0.2244352   0.87308681]]"
object_505,2.639089035279181,2.061043064523418,1.6683962788884532,0.7809676130556871,0.6321864312213168,0.8094912268484027,0.3678135687786832,0.6497807607533159,12,17565,15712,11.027648503653618,4.652496711806438,749303305.9233683,[-0.60482092  1.46226227  0.56172731],"[[-0.54075364 -0.46472438  0.70115388]
 [-0.16860192 -0.75674063 -0.63159877]
 [ 0.82411097 -0.45975522  0.33085683]]"
object_506,4.12824736675058,2.769494611755645,1.6788057163553234,0.6708645014980208,0.4066630623631312,0.6061776431083542,0.5933369376368688,0.6589075565068151,5,13703,12284,13.647250417904212,7.37529354741787,576953810.5446602,[ 2.01172075  3.84565705 -1.62313121],"[[-0.79166964  0.60289191  0.09889651]
 [-0.19621879 -0.09760977 -0.97568977]
 [-0.5785822  -0.79182932  0.19557341]]"
object_507,3.5300508862670066,2.668254569926654,1.60958909640485,0.7558685854379585,0.45596767532917193,0.6032367055775698,0.5440323246708281,0.5411768849043929,19,22669,20301,12.86365406240443,6.306985449549302,960351154.7171459,[-1.50500537 -0.98225749  1.83042312],"[[ 0.1865923   0.14019214 -0.9723834 ]
 [ 0.96900451 -0.18937622  0.15864084]
 [ 0.16190609  0.97184506  0.17118296]]"
object_509,3.112384056042009,2.8172125068541782,1.700005450672223,0.9051622345208908,0.5462068369653921,0.6034352916353204,0.4537931630346079,0.25750622910181614,7,29472,26365,11.843118555805697,5.5096843063289676,1258810909.957018,[-0.28630831  2.05643604  0.66371306],"[[-0.23946152 -0.3339681   0.91165975]
 [ 0.07805157  0.92931779  0.36093821]
 [-0.96776347  0.15758729 -0.19646912]]"
object_513,4.0408361439802585,3.149409854443392,1.908298204383996,0.7793955860187877,0.47225330015591915,0.6059224720122232,0.5277466998440808,0.5052178007652051,28,18417,16514,13.308076766836422,7.0900971606641745,772006938.702751,[-4.62415751 -2.53745664  2.22460603],"[[-0.76937524  0.48972669  0.4101579 ]
 [ 0.63878939  0.58667216  0.49775886]
 [-0.00313758 -0.64496786  0.76420325]]"
object_514,3.8430373168050056,2.4888864100231096,1.8883136387999815,0.6476352439097054,0.49135969368360777,0.758698199803521,0.5086403063163922,0.765350487142157,20,20523,18380,15.070790074821272,6.914325054631457,872442553.5449456,[-0.66386054  1.8717027  -0.04873492],"[[ 0.76972022  0.61058115 -0.1863369 ]
 [-0.46708017  0.73762212  0.48759586]
 [-0.43516306  0.28827812 -0.85295301]]"
object_515,3.6344334254666895,2.6981335488303237,1.601439087601727,0.7423807875869572,0.44062963882632955,0.5935358864263676,0.5593703611736704,0.5570183792158465,30,5159,4632,12.40678472141371,6.2994060795974764,214073292.90164787,[-0.26390143  0.66380342 -0.25010274],"[[ 0.0367432  -0.92563577 -0.37662761]
 [-0.75040297 -0.27445097  0.60130861]
 [-0.65995857  0.26052847 -0.70468404]]"
object_516,3.234304304914922,2.08010251304589,2.0274195453831174,0.6431375396201647,0.626848729818714,0.9746728984113245,0.373151270181286,0.9659233980750045,30,20453,18318,14.627054387512436,5.221386100975468,873374677.3180676,[-2.13179079  2.53427932  0.58475024],"[[-0.0525672   0.96687601 -0.24977485]
 [ 0.63697992  0.22509547  0.73728462]
 [-0.76908599  0.12034458  0.62771324]]"
object_518,4.546683564179031,3.5108625029876115,2.007316763099452,0.7721809651869951,0.4414903159115938,0.571744624402494,0.5585096840884062,0.5014823336620219,30,13666,12263,17.162084362220654,7.824243802784774,569798599.6301937,[ 1.30396719 -3.91682247 -0.50996749],"[[ 0.17756454  0.94411005  0.27771756]
 [-0.64725894 -0.10053522  0.75561137]
 [-0.74130068  0.31392495 -0.59323218]]"
object_519,3.698171278046377,2.6086302584533314,1.2220520762249805,0.7053838403697152,0.3304476684137114,0.4684650391771276,0.6695523315862886,0.564022441364823,30,7230,6489,12.762543302354187,6.77829420915519,299970568.4625998,[-0.41435669 -2.56476214  2.01169423],"[[-0.55025312 -0.28806827  0.78373348]
 [ 0.77135464 -0.53477776  0.34499967]
 [-0.31973978 -0.7943736  -0.51646593]]"
object_521,4.180076574999375,2.6658506097623125,1.6445545681665306,0.6377516205579825,0.3934268998808417,0.6168967466309596,0.6065731001191583,0.7019192487518843,30,17118,15344,15.822903335099337,7.371992967003088,719779741.2953885,[ 1.55037961 -0.04872531  3.37659783],"[[ 0.59726068  0.79998648  0.05745704]
 [-0.07836576  0.12950192 -0.98847765]
 [-0.79820955  0.58587617  0.14003795]]"
object_522,2.9648410317801606,1.8394751093733284,1.3370353538604085,0.6204295912178684,0.45096358945680837,0.7268569968940266,0.5490364105431916,0.7720845322744305,13,20410,18235,13.319653497888021,5.098135817853076,873774643.5098612,[-0.41618824  0.73584964  0.65492236],"[[ 0.7363526  -0.46349477  0.49290714]
 [ 0.56383351  0.01766375 -0.82569956]
 [ 0.37400084  0.88592358  0.27434063]]"
object_524,3.874266093282109,2.9918755323667967,1.8041067022080333,0.7722431707916609,0.46566411773737326,0.603001923940616,0.5343358822626267,0.5154017923944655,7,20930,18764,15.061723868509416,6.894363144554278,879332571.8789623,[-0.23513363  0.54020602 -0.83871236],"[[ 0.63407967  0.13886007  0.76069761]
 [-0.38915686 -0.79278206  0.46909865]
 [ 0.66820649 -0.59347661 -0.44864864]]"
object_526,4.2090854182206865,3.6000055751060165,2.313244739111432,0.8552940169667197,0.549583700320654,0.6425669879812087,0.45041629967934604,0.3846538592078281,7,19068,17095,15.473070469897994,6.921860128587744,795439146.3433307,[ 0.6414976  -0.43715198 -3.26633062],"[[-0.09293814  0.35511514 -0.93019124]
 [ 0.98340464 -0.11346023 -0.14157007]
 [-0.15581339 -0.92791164 -0.3386771 ]]"
object_527,4.266071503053794,3.0322818911015834,1.8371919912647698,0.7107902174004763,0.43065194522633937,0.6058777043968511,0.5693480547736607,0.6074323345253567,5,21280,19058,14.550487666139903,7.486579670200645,901885276.1574302,[ 3.15185484 -2.60578696  2.83408043],"[[-0.81916827 -0.44353028 -0.36365401]
 [ 0.45751859 -0.12294373 -0.88065974]
 [ 0.34589028 -0.88778699  0.30363495]]"
object_528,2.981557295710159,2.1653020174407067,1.541531031271434,0.7262318992011745,0.5170221056926784,0.7119242576116274,0.48297789430732163,0.645004608846882,8,12426,11147,12.086132873321336,5.30605489063136,523321218.47003484,[0.50223235 0.50494708 0.44067006],"[[ 0.21108775 -0.67407413 -0.70786017]
 [ 0.70288422  0.6079223  -0.36930238]
 [-0.67926117  0.41958854 -0.60212102]]"
object_530,3.5665770462750532,3.14392071048628,1.5960621247955855,0.8814952459164742,0.4475052982417747,0.5076661505718182,0.5524947017582253,0.278798619529083,21,30773,27548,12.396053412276506,6.712281570580281,1321251374.6795857,[ 0.64869025 -1.00521826 -0.78361892],"[[ 0.4817113   0.6915039   0.538309  ]
 [-0.23699784  0.69418547 -0.67966062]
 [ 0.84367425 -0.19982213 -0.49828192]]"
object_532,4.8738338160061625,3.7876284125172064,2.7034958445648614,0.7771353221109534,0.5546959429938517,0.7137700825219427,0.4453040570061483,0.5720837658462183,30,14637,13142,15.521241171189866,8.988627622143461,607207424.9351063,[ 0.28278429  2.0614268  -1.23646143],"[[-0.71462763  0.65702885 -0.24004258]
 [ 0.57538181  0.35697636 -0.73586932]
 [-0.39779785 -0.66398868 -0.63314762]]"
object_533,5.55424256398122,2.2560785988763494,1.933024812529388,0.4061901461608506,0.3480267183620834,0.856807388489098,0.6519732816379167,0.9500865103832773,11,5795,5201,21.122819827411046,8.910109800116421,239499625.81491745,[-1.37311618  0.57494405  1.98866053],"[[-0.04985365  0.2329658   0.97120623]
 [ 0.57737114  0.80018715 -0.16230557]
 [ 0.81495839 -0.55265492  0.17439998]]"
object_535,4.238953333007533,2.3619698143855983,1.8326674365680713,0.5572059017478692,0.43233961136057036,0.7759063750121589,0.5676603886394296,0.8480340145044126,7,23643,21154,14.873725819061377,7.596001606362691,1014518625.8822638,[-4.28595085 -2.87800704  2.83136033],"[[ 0.69248537  0.71990737 -0.04687643]
 [ 0.30743323 -0.2356925   0.92191857]
 [ 0.65264755 -0.65282649 -0.38453705]]"
object_536,3.8068003891471243,2.5566618466773985,1.715504398935816,0.6716038629097106,0.4506420677655121,0.6709938591078289,0.5493579322344879,0.6888358453427621,30,13451,12061,13.151862347985945,6.670819627472322,563696056.8380785,[-0.64964935  2.80125467 -1.25259421],"[[ 0.18818544 -0.90293755 -0.38638067]
 [ 0.63512867  0.4119598  -0.65337638]
 [-0.74913137  0.12244552 -0.65100636]]"
object_537,4.004464175660749,2.8849852341690756,1.7949104950481747,0.7204422633380269,0.44822738231938586,0.6221558688722852,0.5517726176806141,0.6018866620485013,10,7590,6818,13.318567676686278,6.8541687058666465,313429932.3966149,[ 0.092046    2.54085602 -0.41211366],"[[-0.2836159  -0.95892327  0.00530887]
 [-0.08939884  0.02092814 -0.99577601]
 [-0.95476168  0.28289252  0.09166218]]"
object_538,2.669574539129977,2.226038760308632,1.3498774827528397,0.8338552558394212,0.505652665983535,0.6064034044787631,0.494347334016465,0.40934988034579933,5,28526,25537,10.287312529279518,4.726789047685257,1237156286.2520247,[-0.29467926 -0.42022364 -0.91098254],"[[-0.22069975  0.38625302 -0.89560048]
 [-0.91084943  0.24673616  0.33086943]
 [ 0.34877634  0.88877999  0.29736373]]"
object_539,4.119588754950122,2.9888896041205673,1.9230135108879785,0.7255310619364858,0.466797446365799,0.6433872660391531,0.533202553634201,0.6055550325088871,10,16598,14864,15.758403279049697,7.01868194371432,690757380.3806555,[-0.15703123  1.3755762  -1.18156464],"[[-0.75280543  0.39809537 -0.52421757]
 [-0.65674602 -0.50793107  0.55739636]
 [-0.04436948  0.76388881  0.64382081]]"
object_541,3.833378164020087,2.6652811969222143,1.8199418449134566,0.6952826157195818,0.47476188548141374,0.682832958494237,0.5252381145185863,0.6669007435395073,7,7057,6336,14.364282797636275,6.410890069310334,293390515.51265204,[-0.58481677  2.0911055  -2.02478401],"[[-0.16922029  0.54470134  0.8213799 ]
 [-0.64329698 -0.69243306  0.326658  ]
 [ 0.74668165 -0.47311405  0.46757845]]"
object_542,3.4718561913455916,2.9347274813780975,1.444897976168127,0.8452906225475547,0.41617448895777165,0.49234485496064795,0.5838255110422284,0.3452880740140503,6,23887,21404,12.579410611941977,6.29528819598605,1006839871.9789059,[-1.30637676 -1.42919815  0.64443879],"[[-0.6984721   0.50656652  0.50549686]
 [-0.48749755 -0.8539186   0.18212404]
 [ 0.52391112 -0.11921992  0.84338826]]"
object_543,3.272039896883591,2.06848238033546,1.5519052633279395,0.6321690583007736,0.47429289135686586,0.7502627424248383,0.5257071086431342,0.7746147784624238,30,15244,13658,11.21904138197125,5.694364272943605,646789512.000526,[-2.11837986 -1.42093099 -0.43791909],"[[-0.77097364 -0.31331018  0.55446946]
 [-0.48831667 -0.2680772  -0.83047062]
 [ 0.40883551 -0.91102763  0.05368587]]"
object_544,5.130287747627378,3.87963715060376,2.164320810633584,0.7562221344013286,0.4218712316155219,0.5578668124406341,0.578128768384478,0.5208214573416338,5,13039,11720,17.089765485693317,9.344702340461629,539631089.2775469,[-1.10063873 -0.66600383 -1.12217719],"[[ 0.09811964  0.47080487 -0.87676411]
 [ 0.85207702  0.41541476  0.31842634]
 [ 0.51413743 -0.77831443 -0.36040166]]"
object_545,3.5717369458529196,2.7497203172543987,1.2977648580240193,0.76985521580671,0.36334278747230564,0.47196249374185084,0.6366572125276944,0.4692757889871465,8,4398,3947,12.639615170152243,6.379214751054601,182682052.14788973,[-3.82568112 -0.27935621  0.76089877],"[[ 0.9743326   0.12427746 -0.18769951]
 [-0.117158   -0.43203769 -0.89421331]
 [-0.19222382  0.89325167 -0.40638831]]"
object_546,5.329258889360875,3.0864314256830347,1.9189628679711692,0.5791483374629569,0.36008062430633875,0.6217416178447892,0.6399193756936612,0.7635932150531131,23,11141,9990,21.984958885721326,9.031826361158423,464111808.50340676,[ 0.76065131 -0.92702916 -0.34574563],"[[-0.92656435 -0.04932256  0.37288844]
 [-0.30370196 -0.48677342 -0.81903404]
 [-0.22190903  0.87213469 -0.43604754]]"
object_547,3.593191857997186,2.211141251847298,1.7599604677636729,0.6153696599657134,0.4898042011997265,0.7959511705972261,0.5101957988002734,0.817427770209721,30,19347,17322,13.929609156349802,6.750614289085984,817595578.2687576,[-0.57777541  1.30676531  0.04309884],"[[ 0.19126255 -0.19842035 -0.96127416]
 [-0.61556969 -0.78706753  0.03998317]
 [-0.76452115  0.58408396 -0.27267809]]"
object_548,3.9620692691237274,3.6737784675852714,1.6227276127810897,0.9272373141516993,0.40956568463528675,0.4417053524317944,0.5904343153647132,0.16849499634088233,6,20169,18079,12.45746337786986,7.143377167607423,853660449.2342583,[-2.74766244 -0.67737245  1.32541072],"[[-0.56695585 -0.29549732  0.76892288]
 [-0.80654786  0.00937743 -0.59109442]
 [ 0.16745629 -0.95529754 -0.24364932]]"
object_549,3.9377804999646147,3.3215598023443964,1.780605843334447,0.8435106533678666,0.4521851442330134,0.5360752024027007,0.5478148557669866,0.3626391047997992,6,24697,22151,14.532844888307643,6.835852716155072,1034564109.0482244,[-1.36926329  1.88863325  1.49714189],"[[-0.95657389 -0.15889445  0.24437461]
 [ 0.27456906 -0.77265233  0.57238118]
 [-0.09786842 -0.61462259 -0.78272654]]"
object_552,4.472128650394119,3.7292688899791053,2.7404767172597237,0.833891236480966,0.6127902239615158,0.7348562943861842,0.38720977603848417,0.4878001446575713,6,7883,7080,12.432975680817899,7.276500641389564,330017576.8157909,[-3.86912499 -0.51602565 -1.29781787],"[[-0.25074109  0.9296954  -0.26980615]
 [-0.92878634 -0.30961298 -0.20370501]
 [ 0.27291909 -0.19951505 -0.94112109]]"
object_553,3.3157030126359115,2.770489580394054,2.385425425762499,0.8355662644802363,0.7194327769018547,0.8610122350372507,0.2805672230981453,0.6256606697252706,8,24945,22325,11.588260283060912,5.979291838350188,1051585942.3477685,[-5.7204613  -1.13919723  0.27836745],"[[-0.71836713  0.41618749  0.55743757]
 [ 0.13204682  0.86831135 -0.47812031]
 [-0.68301706 -0.26985805 -0.67872257]]"
object_555,3.678478198091412,3.1550281165356897,1.6494803253915042,0.8576992839519029,0.44841378324529463,0.5228100240205404,0.5515862167547054,0.3308845162812009,6,19444,17419,12.22015327174962,6.371714828546848,816355733.5388005,[-2.09550113  1.09748149  2.85695121],"[[ 0.47945471 -0.50172333  0.71999783]
 [-0.85230046 -0.07076717  0.51824312]
 [-0.20906246 -0.86212859 -0.46154868]]"
object_556,3.655899191860488,3.171475673440548,1.9691275548427751,0.8674953840361728,0.5386164802429045,0.6208868544486057,0.46138351975709546,0.34857648566404625,5,23030,20646,13.387207706450699,6.427942515939412,962409857.309111,[-0.00431023 -2.33699685  0.48861424],"[[-0.2216041   0.95325663 -0.20541037]
 [-0.32458671  0.12652699  0.937355  ]
 [ 0.91952982  0.27439519  0.28137553]]"
object_558,3.756399465123434,3.0930810167230685,2.146846603286965,0.8234164245419066,0.5715171198429558,0.6940803010589806,0.42848288015704417,0.4781713786491984,17,26706,23896,11.72184644171754,5.967520973107386,1135408307.7425492,[-1.38666832 -1.43636993 -1.31522651],"[[-0.74451529 -0.52226623  0.41585451]
 [ 0.23380554 -0.78743239 -0.57033779]
 [-0.62532548  0.32739612 -0.70836419]]"
object_559,3.0479578203620714,2.695898050818607,1.916870230189772,0.8844932278289721,0.628903135530289,0.711032165926199,0.371096864469711,0.3600969845807371,30,15332,13748,11.330444369394206,5.111723797098913,642923676.3673918,[ 1.97588666  1.29465032 -0.56408826],"[[ 0.89221997  0.45151488  0.00882257]
 [-0.40626763  0.79397124  0.45227899]
 [ 0.19720583 -0.40711667  0.89183288]]"
object_560,3.6365968489808878,3.1410696411328662,2.0989716045997695,0.8637387567481155,0.5771801746976657,0.6682346602932207,0.4228198253023343,0.38082086215286104,7,13128,11766,12.519991689686776,6.331026653179208,549677513.7403879,[ 2.60420829  0.27470847 -1.76265363],"[[-0.94278475  0.25218994 -0.218076  ]
 [ 0.30619728  0.91373566 -0.26707745]
 [-0.13190957  0.31857082  0.93867593]]"
object_561,4.006930388942062,2.704564807729038,1.7093716642836039,0.6749717477480601,0.4266037835348879,0.6320320590575623,0.5733962164651121,0.6655342407390564,7,17830,15978,13.89128842689039,6.840878610079816,749356712.0524101,[ 2.57258128 -2.13998737  3.05938976],"[[-0.62032634 -0.34382712  0.70496677]
 [ 0.740058   -0.5543147   0.38085348]
 [-0.25982569 -0.75796974 -0.59830802]]"
object_563,2.399763971899836,1.7225951114234774,1.440739373469539,0.7178185569890609,0.6003671154079958,0.836377256567839,0.3996328845920042,0.7579226804735767,23,6784,6087,9.70371265498395,3.908639875973913,282769106.2370256,[-0.69867128  1.11003185  1.17102377],"[[ 0.47656531  0.41951808 -0.77258662]
 [-0.06835048 -0.85845837 -0.50830841]
 [ 0.87647802 -0.29504882  0.38043722]]"
object_566,4.4924479489039,2.674038858254021,2.1991140249449272,0.5952297920127161,0.4895135235749327,0.8223941915267492,0.5104864764250673,0.8491865358899976,30,9630,8643,15.612055131655701,8.123681738944523,398691191.824378,[-3.07441518 -0.24219528  4.13645866],"[[-0.81163647 -0.55405273 -0.18512648]
 [-0.10096429  0.44518904 -0.88972632]
 [-0.57537157  0.70344317  0.41727121]]"
object_567,2.9280749319363224,1.8898132742147042,1.3860870987206875,0.6454115137569172,0.4733782881041485,0.7334518799465328,0.5266217118958515,0.7519451029347516,5,23174,20719,10.732266668834017,5.311327975586898,997080908.0720174,[0.45855817 0.29495855 1.23034568],"[[ 0.48707561  0.87323362 -0.01484565]
 [ 0.00456848  0.01445059  0.99988515]
 [ 0.87334786 -0.48708749  0.00304918]]"
object_568,3.5508022646527158,1.901367962759426,1.6321204188624245,0.535475597074789,0.4596483547140165,0.8583927208354523,0.5403516452859836,0.904329571016694,30,15983,14318,13.185342268777957,6.355589378983495,671631870.211103,[-0.42786     1.07382512 -1.88615418],"[[-0.6013172   0.10781236 -0.7917033 ]
 [-0.73910206  0.30138594  0.60240738]
 [ 0.30355521  0.94738746 -0.10154421]]"
object_569,4.268022248177725,2.269100420874632,1.7915832982930362,0.5316514977970059,0.4197689688843517,0.7895566374283536,0.5802310311156482,0.8707840476835909,6,10131,9087,13.88345451110127,7.477807947826101,418419026.0039735,[0.57133969 1.11188453 3.92870078],"[[-0.42805092  0.06527471  0.90139427]
 [-0.376443    0.89386884 -0.24349367]
 [ 0.82162222  0.44355125  0.35804917]]"
object_572,3.4910532716071936,2.377323031513717,1.3701044790252934,0.6809758678988181,0.3924616361968408,0.5763223848266444,0.6075383638031592,0.6339106798544982,30,8806,7900,12.821418989748617,6.3537739954004735,368006424.2505864,[ 0.82978931 -0.69378427  0.05034811],"[[-0.82757523  0.47698889  0.2959744 ]
 [-0.3224061   0.02774513 -0.94619475]
 [ 0.45953623  0.87847129 -0.13082295]]"
object_574,3.0694072615536423,2.0584233672990777,1.7852068345353314,0.6706256915079967,0.5816128921359601,0.867269028760472,0.4183871078640399,0.8315538650860582,8,25950,23171,11.725746427914983,5.239088866797609,1128763945.525206,[ 0.90466433 -1.69048726  2.25424762],"[[ 0.48312835 -0.81940462  0.30848512]
 [ 0.86172628  0.38264813 -0.33317896]
 [-0.15496713 -0.42679794 -0.89097066]]"
object_577,3.242618497229568,2.2930705422060074,1.1072614055191803,0.7071663053070114,0.3414713776736929,0.482872805323276,0.6585286223263072,0.5659014552572047,14,3931,3532,11.524373398354426,5.375986642976141,164033605.32038093,[ 0.11437122  0.80853694 -0.77827291],"[[ 0.40524125  0.36775743  0.8369791 ]
 [-0.24747283  0.92546849 -0.28681924]
 [ 0.88007768  0.0908986  -0.46604797]]"
