Simulation,a,b,c,b/a,c/a,c/b,ellipticity,triaxiality,Iterations,Initial Particles,Remaining Particles,Max Radius,r_50,mass,Age Range,Snapshot,Redshift,Center of Mass,Rotation Matrix
m12f_res7100,0.5802417907448181,0.4773294068473076,0.2638176101788645,0.8226387937942067,0.4546684061487872,0.5526950705202557,0.5453315938512129,0.4075065348721037,30,10775511,9674349,17.33859726667818,3.775699450091918,58101637603.78763,"[3.526425235887256, 13.633386940970984]",446,0.30020699,[ 0.16210773 -0.10509162 -0.00065321],"[[-0.78404084  0.27427533 -0.55682403]
 [ 0.1384746  -0.79717936 -0.58764773]
 [ 0.6050659   0.53784581 -0.58704101]]"
m12f_res7100,0.6952680810665703,0.580676077487866,0.4134005461550892,0.8351829938706298,0.5945915790077915,0.7119297008816896,0.4054084209922085,0.4678850463980879,30,2481448,2227000,7.991970803016183,3.129592410224161,12302558116.09788,"[9.517975562989466, 13.633386940970984]",214,1.5,[-0.06836592  0.07958219 -0.12578962],"[[ 0.40544939 -0.05418975  0.91250987]
 [ 0.91162309  0.09766456 -0.39925553]
 [ 0.06748432 -0.99374298 -0.08899866]]"
m12f_res7100,0.8892835046816054,0.8414678239021036,0.2552678789265052,0.9462312293798572,0.2870489304959053,0.303360237522526,0.7129510695040946,0.1140432961084299,19,15158881,13520353,20.132206757788207,5.254237597710596,84260754555.12375,"[5.1598905386653974e-06, 13.6336628885831]",600,0.0,[ 0.1216566  -0.08643006  0.23334831],"[[ 5.60552586e-01  6.29264818e-01  5.38336872e-01]
 [-3.58486962e-01 -4.01614111e-01  8.42729615e-01]
 [ 7.46503782e-01 -6.65381014e-01  4.57404616e-04]]"
m12f_res7100,0.1700956372709089,0.1128791353237519,0.0943004173001377,0.6636215786297387,0.5543964490397058,0.8354105214366845,0.4456035509602942,0.8079272093123245,30,3111,2763,1.3943334158451908,0.5290305528228649,15389084.091551576,"[12.650480148330658, 13.582197385114148]",67,5.0,[ 0.00660504 -0.0265312   0.02569652],"[[ 0.28409555  0.35379652 -0.89113284]
 [ 0.79184318 -0.61064251  0.01000517]
 [ 0.5406238   0.70847989  0.45363218]]"
m12f_res7100,0.823811859786627,0.5305002371554118,0.4623896179937784,0.6439579994548938,0.5612806036969904,0.8716105773545957,0.4387193963030096,0.8545237753107232,30,86611,77638,3.4725493509700063,2.775156653193145,427914110.09321785,"[11.647406514312733, 13.615870722677023]",120,3.0,[ 0.57819635  0.15498216 -0.33060046],"[[ 0.78754128  0.28198129 -0.54796467]
 [ 0.16336703 -0.95289    -0.25556186]
 [-0.59421372  0.11174615 -0.79650666]]"
m12f_res7100,0.5546430428263137,0.4822521883351386,0.3044115465490559,0.8694820832471089,0.5488422697918566,0.6312289584417743,0.4511577302081434,0.3491852135368689,25,5206057,4657235,9.217572420157971,2.688053310488772,26601425234.299057,"[7.491913265532385, 13.633386940970984]",294,0.89728099,[ 0.01139853  0.22741064 -0.04205117],"[[-0.02520266 -0.11382705 -0.99318086]
 [-0.96032777  0.27877072 -0.00758053]
 [ 0.27773261  0.95358811 -0.11633704]]"
m12f_res7100,1.0950923048546095,0.6273946912489076,0.4100850812925455,0.5729148935369461,0.3744753565289555,0.6536317361503649,0.6255246434710444,0.7813367824243348,30,13438041,12042981,28.28900860386579,6.22288483077801,74233719223.40901,"[1.3410861654556374, 13.633386940970984]",534,0.0998249,[ 0.59741087 -0.39533516  0.25501917],"[[-0.84225512  0.53176941  0.08847381]
 [ 0.5103561   0.73370916  0.44856161]
 [-0.1736173  -0.42295646  0.88936205]]"
m12f_res7100,0.4585406053846559,0.4352827395793012,0.2825115198400663,0.9492785032945024,0.6161101471113467,0.6490299158498967,0.3838898528886533,0.1593633181796655,12,4657441,4171264,8.07509848580561,2.726987612514366,23596148628.65889,"[7.933130569933601, 13.633386940970984]",277,1.0,[-0.09551044 -0.1077008  -0.03554626],"[[ 0.11966018 -0.39819525  0.90946247]
 [-0.57390272 -0.77523206 -0.2639146 ]
 [-0.810134    0.49036292  0.32128975]]"
m12f_res7100,0.4267262775672727,0.4108508212076889,0.1959887021150598,0.9627970968882248,0.4592843525652402,0.4770313018699936,0.5407156474347597,0.0925429575593989,12,8408181,7531736,11.933722812298504,2.745051383595063,44194554085.63372,"[5.183304243225091, 13.633386940970984]",382,0.49880669,[-0.01234732  0.0046533   0.00119783],"[[-0.5536259   0.60812282  0.56893321]
 [ 0.22582029 -0.54795866  0.80544801]
 [-0.8015632  -0.57439355 -0.16603763]]"
m12f_res7100,0.5760189494328696,0.524497979855582,0.3403871353848091,0.9105568147922676,0.5909304472013356,0.6489770188982102,0.4090695527986644,0.2625783193241003,10,63705,57308,3.251884262195454,1.8251618936290104,314377789.8519427,"[11.99685849503687, 13.633386940970984]",102,3.50704241,[-0.17618812 -0.02833728 -0.16520052],"[[ 0.79999304  0.38281408  0.4620222 ]
 [ 0.59471179 -0.40380253 -0.69517006]
 [ 0.07955515 -0.83090125  0.55070326]]"
m12f_res7100,0.2313709112254321,0.1501980292053693,0.1247629595167428,0.6491655688688823,0.5392335573039355,0.8306564352196093,0.4607664426960645,0.8157951191330798,30,2580,2299,0.9495313828935604,0.6567126020631042,13013022.673302764,"[13.080175509089646, 13.615870722677023]",41,7.0,[-0.01807694 -0.00616905  0.09857415],"[[ 0.68198042 -0.68716326  0.25041838]
 [ 0.57902601  0.29811541 -0.75885182]
 [ 0.44680151  0.66252084  0.60119428]]"
m12f_res7100,0.5255394034476131,0.5154184517058724,0.2109354040220819,0.980741783250988,0.4013693409824568,0.4092507812321276,0.5986306590175432,0.0454707760063766,18,9568875,8564576,12.934589527311552,3.1221331543580746,50929865643.39723,"[4.4014489502042675, 13.6336628885831]",412,0.3986637,[ 0.11606981 -0.06733761  0.07876436],"[[-0.86841406  0.22031717  0.44420419]
 [ 0.46064062  0.02695619  0.88717731]
 [ 0.18348634  0.97505575 -0.12489617]]"
m12f_res7100,0.3816054410697859,0.3680430910450829,0.2210076963885253,0.9644597572123642,0.5791523720651265,0.6004940773672977,0.4208476279348735,0.1050544869499965,14,6150175,5505845,9.442726641546225,2.5071427081910884,31685227714.725517,"[6.49657131639731, 13.633386940970984]",332,0.70189703,[ 0.07075809 -0.15672213 -0.01459232],"[[ 0.71840794 -0.00149795 -0.69562044]
 [-0.69503066 -0.04277187 -0.71770673]
 [ 0.0286779  -0.99908374  0.03176878]]"
m12f_res7100,0.6624399164404997,0.2951856206680635,0.2831641641656974,0.4456036137649882,0.4274563732318978,0.9592749251296212,0.5725436267681021,0.9806142212601696,30,42316,37704,2.6959643414838856,1.6463217988710364,215560675.79282445,"[12.25492923027304, 13.615870722677023]",88,4.0,[-0.17673291 -0.11059018  0.24286231],"[[ 0.66274196 -0.32411921 -0.67507024]
 [ 0.48815918 -0.49661864  0.71768415]
 [-0.56786768 -0.80518114 -0.17090825]]"
m12f_res7100,0.135571558403626,0.090628213449413,0.0830000522434768,0.6684898699740035,0.6122231920973249,0.915830171250214,0.3877768079026751,0.8847353548848274,30,3030,2697,1.0159371508570232,0.4529799869169884,15262254.027835231,"[12.824833837774493, 13.582197385114148]",59,5.49484539,[ 0.02926168 -0.02047679  0.03637397],"[[ 0.22314672  0.26708179  0.93748219]
 [ 0.48202356  0.80568723 -0.34426933]
 [ 0.8472655  -0.52871107 -0.05104675]]"
m12f_res7100,1.3409464220372522,0.8004530604552612,0.6042677339339753,0.5969314264168447,0.4506277983992326,0.7549071441994304,0.5493722016007674,0.8076859536599347,25,1366018,1227810,7.556914252506918,4.233425048456841,6880615939.134287,"[10.51184212363612, 13.633386940970984]",172,2.0,[-0.16679715 -0.20454195  0.00470638],"[[-0.64622691 -0.27903356 -0.71030349]
 [-0.73812903 -0.0078199   0.67461425]
 [-0.19379452  0.96024951 -0.20090934]]"
