Simulation,a,b,c,b/a,c/a,c/b,ellipticity,triaxiality,Iterations,Initial Particles,Remaining Particles,Max Radius,r_50,mass,Age Range,Snapshot,Redshift,Center of Mass,Rotation Matrix
m12_elvis_RomeoJuliet_res3500,0.2471622876865034,0.1460035417918524,0.139948633292223,0.5907193332707817,0.5662216295300342,0.9585290300131112,0.4337783704699658,0.9582827697836672,14,499598,447427,4.269794341428102,1.7357252116014923,1329014714.4728086,"[1.22966934412716e-07, 0.499999519577111]",102,3.50704241,[ 0.11523324 -0.07339702  0.12665231],"[[-0.53449402  0.53850773 -0.65140277]
 [-0.79265005 -0.58685649  0.16524332]
 [-0.29329514  0.60465601  0.74051946]]"
m12_elvis_RomeoJuliet_res3500,1.2155013113530395,1.098940174695599,0.0712339677573777,0.9041044747802942,0.0586045996759011,0.0648206057050459,0.9413954003240989,0.183224382660174,16,662117,586872,20.371228495997144,7.501438564616168,2493443184.208012,"[7.00817893495298e-07, 0.49999216461137497]",382,0.49880669,[ 0.24225424 -0.32929303  0.7885964 ],"[[-0.26881444 -0.03708808 -0.96247767]
 [ 0.31355355  0.94145892 -0.12385183]
 [-0.91072662  0.33508145  0.24144865]]"
m12_elvis_RomeoJuliet_res3500,0.9067404563926676,0.8378812545760359,0.1384452922423,0.9240585314891784,0.1526845871563778,0.1652325929076343,0.8473154128436222,0.1496034738054462,14,1393157,1246360,12.858267348893168,5.223696898879732,4329418668.360567,"[9.674181162822038e-07, 0.4999995505779946]",277,1.0,[-0.02625932  0.32124347 -0.41079083],"[[ 0.19679081 -0.37302879  0.90670993]
 [ 0.88634554 -0.32764719 -0.32716801]
 [-0.41912404 -0.86804196 -0.26615445]]"
m12_elvis_RomeoJuliet_res3500,1.0211796739300902,0.9102542282345254,0.0619068805566097,0.891375192311986,0.0606229071504686,0.0680105388542721,0.9393770928495312,0.2062081095573806,30,541331,472700,25.86224520457611,11.6714053757298,2035473751.4332416,"[2.3622625026309407e-05, 0.49998569677571014]",486,0.20076481,[ 0.12816196 -0.00089984  0.40600754],"[[ 0.2112089   0.34725978  0.91367469]
 [-0.80820555 -0.46367415  0.36305656]
 [-0.54972228  0.81511774 -0.18272518]]"
m12_elvis_RomeoJuliet_res3500,1.408084726574161,1.2284730766427698,0.0597004035828275,0.8724425835024983,0.0423983034941919,0.0485972421520051,0.957601696505808,0.2392740614059582,30,698136,613229,32.25876361689513,13.740385150091354,2465476719.883324,"[3.982150949159019e-06, 0.4999868196670294]",590,0.0015949,[-0.40145795  0.69793697 -0.17944035],"[[ 0.48464887 -0.03063633 -0.87417211]
 [-0.83603136  0.27767001 -0.47323455]
 [ 0.25722955  0.96018789  0.10895952]]"
m12_elvis_RomeoJuliet_res3500,0.1371950209760612,0.1118056445173159,0.0960158165758874,0.8149395198301297,0.699849133684239,0.8587743220872626,0.300150866315761,0.6583030430309428,30,629524,565279,4.731028302860064,1.5485968095998834,1642767526.7864397,"[8.175803658971859e-06, 0.499998346624853]",120,3.0,[-0.01119463  0.04793999  0.01022068],"[[ 0.65062038 -0.14608054 -0.7452205 ]
 [ 0.29623652  0.95240157  0.07193869]
 [ 0.69924033 -0.26756631  0.66292626]]"
m12_elvis_RomeoJuliet_res3500,1.341928409732044,1.1961724436780832,0.0717678044813898,0.8913832027126803,0.0534810977701265,0.0599978747718954,0.9465189022298734,0.2060252651163249,30,636133,556094,28.97689743545453,12.490243166853256,2290721723.786963,"[1.2411751756147282e-05, 0.49998643980051183]",534,0.0998249,[-0.06184289  0.26790987 -0.22344457],"[[ 0.40666259 -0.07162326  0.91076652]
 [-0.79472397  0.46397195  0.39133596]
 [ 0.45059888  0.88294968 -0.13175932]]"
m12_elvis_RomeoJuliet_res3500,0.7299366189373349,0.7101384750719754,0.0981806773772663,0.9728769000599228,0.134505756842561,0.1382556794536661,0.865494243157439,0.0544964766103354,13,1266939,1132918,12.909568269764945,6.095823067175605,4008691391.6499705,"[1.9254655825307054e-07, 0.49999939353664935]",294,0.89728099,[0.10470467 0.14992684 0.30636846],"[[-0.11015914 -0.34217839  0.93315535]
 [-0.82075329 -0.49819893 -0.27957444]
 [ 0.56056133 -0.79668801 -0.22596287]]"
m12_elvis_RomeoJuliet_res3500,0.6844181333506498,0.3508711821884054,0.2681536008346536,0.5126561747723926,0.3917979196750325,0.7642508545790593,0.6082020803249675,0.870866546850101,30,54612,48966,2.458136409737931,2.001008712445211,136650624.61247897,"[3.199268030940061e-05, 0.4997621176058864]",67,5.0,[ 0.11515702 -0.08370738  0.01033312],"[[-0.94892035  0.31129837 -0.05141496]
 [-0.31271455 -0.94959049  0.02207961]
 [ 0.04194981 -0.03703    -0.99843327]]"
m12_elvis_RomeoJuliet_res3500,0.1279179620010543,0.1058170064266262,0.0544925652814984,0.8272255496515343,0.4259961965392266,0.5149698249995736,0.5740038034607733,0.3856901448969676,30,1273,1125,0.4862908011092335,0.3361017349080888,3205921.8731754245,"[3.2174266429763065e-05, 0.31070422139028864]",20,10.0,[-0.04813652 -0.0334036   0.00874837],"[[ 0.89449985 -0.44692725  0.01122728]
 [-0.37758646 -0.7686877  -0.51628256]
 [-0.23937102 -0.4575754   0.85634471]]"
m12_elvis_RomeoJuliet_res3500,0.904322987135174,0.8763608611256937,0.3317753257528906,0.9690794921645616,0.3668770234448308,0.3785830021285092,0.6331229765551691,0.0703545758564769,17,1760638,1582660,8.782432809330894,3.997028918335395,5023664603.133388,"[3.112613461198066e-06, 0.4999932343206588]",214,1.5,[ 0.05696173  0.30745002 -0.14831122],"[[ 0.2776105   0.36478716 -0.88874222]
 [ 0.7695578   0.46933317  0.43302099]
 [-0.5750767   0.80414968  0.15043298]]"
m12_elvis_RomeoJuliet_res3500,1.3533404539469371,1.225882723509541,0.065579254150575,0.9058199065389104,0.0484573219985533,0.0534955366389619,0.9515426780014468,0.1799127522202251,30,533444,464926,20.48606662705826,9.400021638844052,2064958129.750076,"[4.045898115645485e-06, 0.4999941044209959]",446,0.30020699,[ 0.23621164 -0.89846617 -0.13569472],"[[ 0.24376609 -0.1441039   0.95906838]
 [-0.96733914 -0.10701412  0.22978896]
 [ 0.06952038 -0.98375914 -0.16548376]]"
m12_elvis_RomeoJuliet_res3500,0.131629633644622,0.1111075839930718,0.1006418179266389,0.8440924806722753,0.7645832867571065,0.90580511527381,0.2354167132428934,0.6921023198283741,30,5318,4729,0.5694863787521015,0.3350741403153812,14329676.219576266,"[0.00012499866719473118, 0.40901937848231285]",29,8.54545403,[ 0.04614713 -0.06915026  0.01593097],"[[ 0.03606954  0.5178348   0.8547199 ]
 [ 0.57059016  0.69149063 -0.44302097]
 [-0.82044248  0.50367433 -0.27052969]]"
m12_elvis_RomeoJuliet_res3500,1.478455433066457,1.3632017471557596,0.0629392176921747,0.9220445315205408,0.0425709265795268,0.0461701415975248,0.9574290734204732,0.1501059164121391,23,696267,611662,30.89532660522144,13.33520153346224,2463195587.761857,"[3.1819340775850465e-05, 0.4999919351391168]",600,0.0,[-0.37456436  0.70333418 -0.07309853],"[[-0.46929232  0.10362214  0.87694194]
 [ 0.8830313   0.04998501  0.46664464]
 [ 0.00452076  0.99335993 -0.11495917]]"
m12_elvis_RomeoJuliet_res3500,0.8099970120953451,0.7951036097602631,0.2648597592690708,0.981613015711558,0.3269885633082978,0.3331135162987506,0.6730114366917022,0.040798080150206,13,900925,808603,7.1377057959805095,3.652479306211061,2440445926.862492,"[2.0034982810557267e-06, 0.49999768484047635]",172,2.0,[ 0.14129481  0.29025676 -0.20333544],"[[ 0.32443236  0.49847505  0.80390688]
 [ 0.83628226  0.24598402 -0.49002432]
 [-0.44201315  0.83127281 -0.33706067]]"
m12_elvis_RomeoJuliet_res3500,0.4514145954411416,0.2117579529698437,0.157920975058524,0.4690985960764179,0.3498357754786305,0.7457617191880083,0.6501642245213695,0.8887115297657929,12,43252,38676,1.838263622820587,1.441262459650139,109821773.86655594,"[0.022745596370116417, 0.4993515691547419]",59,5.49484539,[ 0.00083843 -0.10575735 -0.08076127],"[[ 0.40886719 -0.84417538  0.34669229]
 [ 0.83358207  0.50009308  0.23462277]
 [ 0.37144119 -0.19306692 -0.90816111]]"
m12_elvis_RomeoJuliet_res3500,0.489651335620725,0.278860462759708,0.2536758260356315,0.5695082244720112,0.5180744084238017,0.9096873164634388,0.4819255915761983,0.9235393539866582,30,318987,285363,3.528365480183966,2.00789184010361,840165531.791951,"[1.6803103708440403e-06, 0.4999556058545327]",88,4.0,[-0.03509149 -0.01436587  0.05177326],"[[-0.59207979 -0.09079194 -0.80074862]
 [-0.78870622 -0.13875167  0.59890774]
 [-0.1654812   0.98615658  0.01054389]]"
m12_elvis_RomeoJuliet_res3500,1.7913852948844236,1.1589466617874649,0.307920348845135,0.6469555517157674,0.1718895146256078,0.2656898362951611,0.8281104853743921,0.5991510336838596,30,944743,847441,15.22282547097149,14.126188834943978,3183484935.407843,"[4.035554441728095e-06, 0.49999645537346193]",332,0.70189703,[-0.00662974  1.56115957  0.0714964 ],"[[-0.18754347 -0.74867899 -0.63585157]
 [ 0.40478167  0.53090899 -0.74450483]
 [ 0.89497444 -0.39700808  0.20348301]]"
m12_elvis_RomeoJuliet_res3500,1.5047016705146523,1.3532488076995544,0.084913502228883,0.8993469165463898,0.0564321180023945,0.0627478862318239,0.9435678819976054,0.1917858819384698,30,585045,514791,20.658419970140304,8.134519187851245,2255422544.131136,"[1.8546441379108103e-05, 0.49999145954885726]",412,0.3986637,[-0.29525678  0.97208343 -0.39471539],"[[-0.25078349 -0.21181823  0.94458492]
 [ 0.96410251 -0.1426052   0.22398686]
 [-0.08725822 -0.9668489  -0.23997752]]"
m12_elvis_RomeoJuliet_res3500,0.1027867075217688,0.0954291206969939,0.0614876372738858,0.92841888798494,0.59820611785686,0.6443278196927028,0.40179388214314,0.2149629972623257,18,6124,5500,0.8090960179557125,0.4307494646175971,15387711.722864345,"[4.399141547573038e-05, 0.4998978999222814]",41,7.0,[-0.02530391  0.00131594 -0.02706377],"[[ 0.46406821  0.74044811  0.48618648]
 [-0.83342168  0.55092055 -0.04352976]
 [ 0.30008165  0.38499757 -0.87277023]]"
